"","College1","College2","College3","College4","College5","G1","G2","G3","G4","G5","MP1","MP2","MP3","MP4","MP5","FG1","FG2","FG3","FG4","FG5","FGA1","FGA2","FGA3","FGA4","FGA5","X3P1","X3P2","X3P3","X3P4","X3P5","X3PA1","X3PA2","X3PA3","X3PA4","X3PA5","FT1","FT2","FT3","FT4","FT5","FTA1","FTA2","FTA3","FTA4","FTA5","ORB1","ORB2","ORB3","ORB4","ORB5","TRB1","TRB2","TRB3","TRB4","TRB5","AST1","AST2","AST3","AST4","AST5","STL1","STL2","STL3","STL4","STL5","BLK1","BLK2","BLK3","BLK4","BLK5","TOV1","TOV2","TOV3","TOV4","TOV5","PF1","PF2","PF3","PF4","PF5","PTS1","PTS2","PTS3","PTS4","PTS5","player_id","ws","name"
"1","DUKE","DUKE","DUKE","DUKE",NA,29,34,33,38,134,192,320,530,947,1989,47,61,123,217,448,81,123,194,350,748,NA,NA,NA,NA,NA,NA,NA,NA,NA,NA,12,44,47,138,241,23,63,67,178,331,NA,NA,NA,NA,NA,50,67,125,252,494,6,3,11,27,47,1,9,14,26,50,3,3,16,48,70,13,33,40,54,140,32,65,80,99,276,106,166,293,572,1137,"abdelal01",4.8,"Alaa Abdelnaby"
"2","LSU","LSU",NA,NA,NA,32,32,NA,NA,64,1180,1202,NA,NA,2382,359,305,NA,NA,664,739,662,NA,NA,1401,84,88,NA,NA,172,216,246,NA,NA,462,163,191,NA,NA,354,200,210,NA,NA,410,NA,NA,NA,NA,NA,108,81,NA,NA,189,130,102,NA,NA,232,55,52,NA,NA,107,6,1,NA,NA,7,113,117,NA,NA,230,70,66,NA,NA,136,965,889,NA,NA,1854,"abdulma02",25.2,"Mahmoud Abdul-Rauf"
"3","MICHIGAN","MICHIGAN","SANJOSEST","SANJOSEST",NA,32,4,25,26,87,418,53,698,868,2037,49,8,148,225,430,96,16,332,457,901,4,1,18,26,49,14,2,65,71,152,13,2,117,143,275,23,2,158,196,379,NA,NA,NA,NA,NA,72,13,157,229,471,17,0,64,28,109,18,1,25,39,83,6,1,22,19,48,30,6,87,68,191,69,11,88,63,231,115,19,431,619,1184,"abdulta01",3.5,"Tariq Abdul-Wahad"
"4","CALIFORNIA",NA,NA,NA,NA,28,NA,NA,NA,28,972,NA,NA,NA,972,206,NA,NA,NA,206,398,NA,NA,NA,398,8,NA,NA,NA,8,21,NA,NA,NA,21,170,NA,NA,NA,170,249,NA,NA,NA,249,NA,NA,NA,NA,NA,236,NA,NA,NA,236,29,NA,NA,NA,29,52,NA,NA,NA,52,35,NA,NA,NA,35,87,NA,NA,NA,87,58,NA,NA,NA,58,590,NA,NA,NA,590,"abdursh01",71.2,"Shareef Abdur-Rahim"
"5","PEPPERDINE","PEPPERDINE","PEPPERDINE",NA,NA,28,29,31,NA,88,931,940,1152,NA,3023,128,138,183,NA,449,269,307,407,NA,983,29,32,59,NA,120,68,87,137,NA,292,79,85,91,NA,255,97,107,106,NA,310,NA,NA,NA,NA,NA,139,155,201,NA,495,24,111,114,NA,249,40,53,40,NA,133,11,12,15,NA,38,NA,NA,NA,NA,NA,NA,NA,NA,NA,NA,364,393,516,NA,1273,"ackeral01",-0.2,"Alex Acker"
"6","BAYLOR","BAYLOR","BAYLOR","BAYLOR",NA,34,36,31,38,139,NA,840,960,1130,2930,72,136,137,158,503,110,195,256,274,835,0,0,0,3,3,0,0,2,5,7,41,63,111,136,351,72,88,162,174,496,NA,65,87,99,251,124,185,237,282,828,9,11,28,38,86,21,17,29,35,102,34,28,45,70,177,33,45,65,71,214,NA,84,79,117,280,185,335,385,455,1360,"acyqu01",8.1,"Quincy Acy"
"7","ARIZONA","ARIZONA","ARIZONA","ARIZONA",NA,32,30,37,31,130,572,915,1091,1031,3609,118,200,198,234,750,241,369,403,490,1503,7,38,13,17,75,34,99,43,65,241,48,77,60,58,243,61,105,84,95,345,NA,NA,NA,NA,NA,110,219,222,155,706,18,47,104,90,259,42,45,69,82,238,8,45,18,14,85,NA,NA,NA,NA,NA,NA,NA,NA,NA,NA,291,515,469,543,1818,"adamsha01",0.8,"Hassan Adams"
"8","UCLA","UCLA",NA,NA,NA,33,36,NA,NA,69,999,1082,NA,NA,2081,165,208,NA,NA,373,369,429,NA,NA,798,46,52,NA,NA,98,150,146,NA,NA,296,129,158,NA,NA,287,153,189,NA,NA,342,21,67,NA,NA,88,127,192,NA,NA,319,58,84,NA,NA,142,73,95,NA,NA,168,12,5,NA,NA,17,40,54,NA,NA,94,69,78,NA,NA,147,505,626,NA,NA,1131,"adamsjo01",0.4,"Jordan Adams"
"9","PITT",NA,NA,NA,NA,32,NA,NA,NA,32,749,NA,NA,NA,749,100,NA,NA,NA,100,175,NA,NA,NA,175,0,NA,NA,NA,0,0,NA,NA,NA,0,31,NA,NA,NA,31,70,NA,NA,NA,70,90,NA,NA,NA,90,203,NA,NA,NA,203,20,NA,NA,NA,20,21,NA,NA,NA,21,65,NA,NA,NA,65,35,NA,NA,NA,35,52,NA,NA,NA,52,231,NA,NA,NA,231,"adamsst01",25.4,"Steven Adams"
"10","KENTUCKY",NA,NA,NA,NA,38,NA,NA,NA,38,1145,NA,NA,NA,1145,170,NA,NA,NA,170,284,NA,NA,NA,284,0,NA,NA,NA,0,0,NA,NA,NA,0,154,NA,NA,NA,154,236,NA,NA,NA,236,118,NA,NA,NA,118,304,NA,NA,NA,304,32,NA,NA,NA,32,26,NA,NA,NA,26,57,NA,NA,NA,57,64,NA,NA,NA,64,99,NA,NA,NA,99,494,NA,NA,NA,494,"adebaba01",2.3,"Bam Adebayo"
"11","UCLA","UCLA","UCLA",NA,NA,29,39,36,NA,104,907,1303,1186,NA,3396,106,203,210,NA,519,240,439,456,NA,1135,39,83,87,NA,209,101,227,232,NA,560,63,129,101,NA,293,89,160,126,NA,375,NA,NA,NA,NA,NA,97,164,99,NA,360,63,69,70,NA,202,18,24,22,NA,64,7,5,8,NA,20,NA,NA,NA,NA,NA,NA,NA,NA,NA,NA,314,618,608,NA,1540,"afflaar01",33.3,"Arron Afflalo"
"12","MICHIGANST","MICHIGANST","MICHIGANST","MICHIGANST",NA,27,30,33,34,124,463,676,867,1170,3176,60,87,150,226,523,150,225,315,495,1185,29,37,53,83,202,73,106,132,221,532,31,43,111,121,306,40,61,135,159,395,NA,NA,NA,NA,NA,61,96,128,139,424,17,20,60,84,181,5,12,22,23,62,12,8,8,11,39,NA,NA,NA,NA,NA,NA,NA,NA,NA,NA,180,254,464,656,1554,"agerma01",-0.9,"Maurice Ager"
"13","FLORIDAST","FLORIDAST","FLORIDAST",NA,NA,10,35,32,NA,77,NA,NA,820,NA,820,15,122,133,NA,270,31,226,249,NA,506,0,0,0,NA,0,0,1,0,NA,1,5,51,108,NA,164,9,75,136,NA,220,NA,NA,79,NA,79,20,197,198,NA,415,0,12,16,NA,28,1,18,20,NA,39,11,73,75,NA,159,11,56,61,NA,128,NA,NA,75,NA,75,35,295,374,NA,704,"alabiso01",0,"Solomon Alabi"
"14","KANSAS","KANSAS","KANSAS",NA,NA,40,35,36,NA,111,NA,NA,963,NA,963,43,199,149,NA,391,83,333,265,NA,681,0,0,0,NA,0,0,0,0,NA,0,26,122,108,NA,256,38,154,159,NA,351,NA,NA,110,NA,110,119,387,354,NA,860,5,36,31,NA,72,11,21,27,NA,59,34,94,125,NA,253,21,56,56,NA,133,NA,NA,92,NA,92,112,520,406,NA,1038,"aldrico01",9.6,"Cole Aldrich"
"15","TEXAS","TEXAS",NA,NA,NA,16,37,NA,NA,53,355,1247,NA,NA,1602,57,219,NA,NA,276,86,385,NA,NA,471,0,0,NA,NA,0,0,0,NA,NA,0,44,117,NA,NA,161,67,181,NA,NA,248,NA,NA,NA,NA,NA,95,339,NA,NA,434,14,20,NA,NA,34,17,50,NA,NA,67,24,73,NA,NA,97,NA,NA,NA,NA,NA,NA,NA,NA,NA,NA,158,555,NA,NA,713,"aldrila01",93.1,"LaMarcus Aldridge"
"16","VIRGINIA","VIRGINIA","VIRGINIA","VIRGINIA",NA,33,31,1,20,85,1037,1118,11,692,2858,127,213,0,119,459,338,470,4,263,1075,44,64,0,34,142,149,174,2,97,422,72,93,0,61,226,105,132,2,87,326,NA,NA,NA,NA,NA,106,107,1,84,298,145,144,2,110,401,41,26,0,32,99,3,7,1,3,14,94,106,1,78,279,74,75,0,40,189,370,583,0,333,1286,"alexaco01",3,"Cory Alexander"
"17","VIRGINIA","VIRGINIA","FRESNOST","FRESNOST",NA,27,26,32,27,112,727,732,1023,974,3456,147,142,264,252,805,302,338,563,564,1767,18,40,50,58,166,35,90,158,175,458,63,60,106,107,336,82,79,140,137,438,NA,NA,NA,NA,NA,122,70,121,128,441,36,37,82,94,249,21,20,50,37,128,9,1,7,4,21,46,31,76,67,220,57,50,78,61,246,375,384,684,669,2112,"alexaco02",4.1,"Courtney Alexander"
"18","WVIRGINIA","WVIRGINIA","WVIRGINIA",NA,NA,10,36,36,NA,82,36,899,1137,NA,2072,4,144,219,NA,367,8,339,474,NA,821,0,40,11,NA,51,1,131,41,NA,173,5,42,158,NA,205,8,66,194,NA,268,NA,NA,NA,NA,NA,7,155,231,NA,393,2,70,88,NA,160,1,22,26,NA,49,7,38,54,NA,99,NA,NA,80,NA,80,NA,NA,NA,NA,NA,13,370,607,NA,990,"alexajo01",0.5,"Joe Alexander"
"19","IOWAST","IOWAST","IOWAST","IOWAST",NA,23,29,28,31,111,120,923,887,1020,2950,18,240,226,294,778,30,412,386,446,1274,NA,NA,0,NA,0,NA,NA,1,NA,1,3,97,100,136,336,6,149,173,201,529,NA,NA,NA,NA,NA,17,255,243,280,795,4,35,43,37,119,2,26,15,35,78,5,30,34,51,120,7,81,35,85,208,19,86,64,78,247,39,577,552,724,1892,"alexavi01",8.8,"Victor Alexander"
"20","TEXAS",NA,NA,NA,NA,33,NA,NA,NA,33,1061,NA,NA,NA,1061,179,NA,NA,NA,179,316,NA,NA,NA,316,0,NA,NA,NA,0,7,NA,NA,NA,7,84,NA,NA,NA,84,149,NA,NA,NA,149,100,NA,NA,NA,100,278,NA,NA,NA,278,27,NA,NA,NA,27,19,NA,NA,NA,19,51,NA,NA,NA,51,84,NA,NA,NA,84,68,NA,NA,NA,68,442,NA,NA,NA,442,"allenja01",1.5,"Jarrett Allen"
"21","UPENN","UPENN","UPENN","UPENN",NA,26,27,28,28,109,795,912,929,934,3570,108,129,124,143,504,263,305,309,333,1210,37,50,50,41,178,117,127,146,129,519,65,46,107,84,302,95,69,136,118,418,NA,NA,NA,NA,NA,93,128,127,134,482,82,133,130,160,505,38,39,53,36,166,4,11,3,4,22,71,54,71,63,259,66,51,48,31,196,318,354,405,411,1488,"allenje01",0.2,"Jerome Allen"
"22","ARIZONA","ARIZONA",NA,NA,NA,34,34,NA,NA,68,848,1020,NA,NA,1868,100,107,NA,NA,207,215,236,NA,NA,451,18,32,NA,NA,50,50,75,NA,NA,125,67,86,NA,NA,153,95,116,NA,NA,211,8,12,NA,NA,20,106,137,NA,NA,243,121,101,NA,NA,222,35,53,NA,NA,88,27,21,NA,NA,48,68,65,NA,NA,133,82,83,NA,NA,165,285,332,NA,NA,617,"allenka01",0,"Kadeem Allen"
"23","TEMPLE","TEMPLE","TEMPLE","TEMPLE",NA,34,33,35,33,135,NA,NA,1206,1120,2326,116,151,171,154,592,208,261,319,321,1109,2,7,5,5,19,5,21,23,17,66,42,52,55,69,218,57,81,88,99,325,NA,NA,124,88,212,193,296,375,283,1147,55,68,83,75,281,17,13,19,23,72,52,50,50,61,213,40,42,53,54,189,NA,NA,78,75,153,276,361,402,382,1421,"allenla01",13.8,"Lavoy Allen"
"24","UCONN","UCONN","UCONN",NA,NA,34,32,35,NA,101,735,1051,1098,NA,2884,158,255,292,NA,705,310,521,618,NA,1449,33,85,115,NA,233,82,191,247,NA,520,80,80,119,NA,279,101,110,147,NA,358,NA,NA,NA,NA,NA,155,218,228,NA,601,53,75,117,NA,245,38,61,60,NA,159,7,16,18,NA,41,47,64,82,NA,193,46,53,46,NA,145,429,675,818,NA,1922,"allenra02",145.1,"Ray Allen"
"25","BUTLERCOCC","OKSTATE","OKSTATE",NA,NA,32,32,35,NA,99,967,998,1107,NA,3072,207,163,204,NA,574,406,365,405,NA,1176,12,30,22,NA,64,32,76,74,NA,182,101,105,131,NA,337,166,152,194,NA,512,NA,NA,NA,NA,NA,194,173,193,NA,560,105,87,109,NA,301,NA,62,72,NA,134,NA,24,30,NA,54,NA,NA,NA,NA,NA,NA,NA,NA,NA,NA,527,461,561,NA,1549,"allento01",38.6,"Tony Allen"
"26","RICE","RICE","RICE","RICE",NA,30,31,28,32,121,299,1006,905,1069,3279,56,84,224,263,627,123,160,448,544,1275,10,18,48,77,153,36,39,108,169,352,23,38,116,241,418,29,47,146,285,507,NA,NA,NA,NA,NA,30,65,114,210,419,17,33,32,37,119,7,5,39,38,89,11,11,19,24,65,NA,NA,NA,NA,NA,NA,NA,NA,NA,NA,145,224,612,844,1825,"almonmo01",0,"Morris Almond"
"27","DUQUESNE","DUQUESNE","DUQUESNE","DUQUESNE",NA,28,29,28,30,115,807,918,960,1080,3765,128,154,214,245,741,239,277,380,424,1320,NA,0,1,0,1,NA,1,1,1,3,61,82,128,149,420,102,156,223,248,729,NA,NA,NA,NA,NA,175,225,261,218,879,36,43,30,41,150,23,33,38,48,142,54,60,60,55,229,76,91,86,94,347,112,94,101,97,404,317,390,557,639,1903,"alstode01",2.6,"Derrick Alston"
"28","FRESNOST",NA,NA,NA,NA,33,NA,NA,NA,33,NA,NA,NA,NA,NA,124,NA,NA,NA,124,309,NA,NA,NA,309,66,NA,NA,NA,66,196,NA,NA,NA,196,50,NA,NA,NA,50,66,NA,NA,NA,66,NA,NA,NA,NA,NA,71,NA,NA,NA,71,240,NA,NA,NA,240,70,NA,NA,NA,70,12,NA,NA,NA,12,NA,NA,NA,NA,NA,NA,NA,NA,NA,NA,364,NA,NA,NA,364,"alstora01",32.9,"Rafer Alston"
"29","WAKE","WAKE",NA,NA,NA,31,31,NA,NA,62,NA,970,NA,NA,970,146,167,NA,NA,313,283,374,NA,NA,657,7,18,NA,NA,25,39,66,NA,NA,105,102,139,NA,NA,241,152,199,NA,NA,351,NA,133,NA,NA,133,253,332,NA,NA,585,46,41,NA,NA,87,30,44,NA,NA,74,38,44,NA,NA,82,81,99,NA,NA,180,NA,91,NA,NA,91,401,491,NA,NA,892,"aminual01",19.3,"Al-Farouq Aminu"
"30","OHIOST","OHIOST","KENTUCKY","KENTUCKY",NA,22,22,36,19,99,587,695,700,481,2463,72,108,117,111,408,158,232,230,226,846,9,21,23,38,91,35,62,59,94,250,72,92,80,77,321,89,113,102,95,399,NA,NA,NA,NA,NA,72,108,122,77,379,59,107,88,67,321,43,45,61,37,186,5,2,7,2,16,50,64,51,32,197,65,57,82,39,243,225,329,337,337,1228,"anderde01",43.9,"Derek Anderson"
"31","OKSTATE","OKSTATE","OKSTATE",NA,NA,33,35,33,NA,101,NA,NA,1124,NA,1124,148,209,226,NA,583,340,434,494,NA,1268,67,84,74,NA,225,177,206,217,NA,600,75,136,209,NA,420,105,164,258,NA,527,NA,NA,64,NA,64,123,198,192,NA,513,35,48,80,NA,163,26,40,46,NA,112,16,24,20,NA,60,65,69,78,NA,212,NA,NA,88,NA,88,438,638,735,NA,1811,"anderja01",3.3,"James Anderson"
"32","VIRGINIA","VIRGINIA","VIRGINIA",NA,NA,35,37,26,NA,98,841,799,724,NA,2364,89,96,103,NA,288,212,236,221,NA,669,20,30,47,NA,97,66,102,104,NA,272,68,68,64,NA,200,89,95,82,NA,266,32,26,17,NA,75,116,120,105,NA,341,81,54,45,NA,180,30,13,17,NA,60,42,28,14,NA,84,43,51,31,NA,125,49,58,30,NA,137,266,290,317,NA,873,"anderju01",3.2,"Justin Anderson"
"33","GATECH","GATECH",NA,NA,NA,35,30,NA,NA,65,1321,1167,NA,NA,2488,283,278,NA,NA,561,549,636,NA,NA,1185,48,65,NA,NA,113,117,185,NA,NA,302,107,155,NA,NA,262,146,187,NA,NA,333,NA,NA,NA,NA,NA,193,171,NA,NA,364,285,169,NA,NA,454,79,89,NA,NA,168,3,2,NA,NA,5,139,113,NA,NA,252,66,69,NA,NA,135,721,776,NA,NA,1497,"anderke01",62.5,"Kenny Anderson"
"34","UCLA","UCLA",NA,NA,NA,35,36,NA,NA,71,1046,1196,NA,NA,2242,122,181,NA,NA,303,293,377,NA,NA,670,8,28,NA,NA,36,38,58,NA,NA,96,86,137,NA,NA,223,117,186,NA,NA,303,74,45,NA,NA,119,302,315,NA,NA,617,122,233,NA,NA,355,62,64,NA,NA,126,31,27,NA,NA,58,73,110,NA,NA,183,72,60,NA,NA,132,338,527,NA,NA,865,"anderky01",9.7,"Kyle Anderson"
"35","ILLINOIS","ILLINOIS",NA,NA,NA,33,36,NA,NA,69,909,1125,NA,NA,2034,223,262,NA,NA,485,390,487,NA,NA,877,2,24,NA,NA,26,6,66,NA,NA,72,77,99,NA,NA,176,120,148,NA,NA,268,NA,NA,NA,NA,NA,217,285,NA,NA,502,53,72,NA,NA,125,37,57,NA,NA,94,28,32,NA,NA,60,57,59,NA,NA,116,70,69,NA,NA,139,525,647,NA,NA,1172,"anderni01",55.3,"Nick Anderson"
"36","CALIFORNIA","CALIFORNIA",NA,NA,NA,33,33,NA,NA,66,1096,1082,NA,NA,2178,189,230,NA,NA,419,397,469,NA,NA,866,58,64,NA,NA,122,152,156,NA,NA,308,103,173,NA,NA,276,129,199,NA,NA,328,NA,NA,NA,NA,NA,269,328,NA,NA,597,16,47,NA,NA,63,22,12,NA,NA,34,18,18,NA,NA,36,NA,74,NA,NA,74,NA,NA,NA,NA,NA,539,697,NA,NA,1236,"anderry01",45.1,"Ryan Anderson"
"37","GEORGIA","GEORGIA","GEORGIA","GEORGIA",NA,29,30,29,31,119,554,859,861,891,3165,99,157,153,176,585,201,324,330,327,1182,9,6,18,16,49,26,34,58,52,170,64,93,56,94,307,105,141,97,143,486,NA,NA,NA,NA,NA,103,168,151,171,593,44,114,83,83,324,52,59,46,56,213,7,10,7,15,39,65,109,87,78,339,59,87,75,73,294,271,413,380,462,1526,"andersh01",23.6,"Shandon Anderson"
"38","UCLA",NA,NA,NA,NA,29,NA,NA,NA,29,377,NA,NA,NA,377,57,NA,NA,NA,57,101,NA,NA,NA,101,0,NA,NA,NA,0,0,NA,NA,NA,0,23,NA,NA,NA,23,43,NA,NA,NA,43,41,NA,NA,NA,41,117,NA,NA,NA,117,6,NA,NA,NA,6,5,NA,NA,NA,5,35,NA,NA,NA,35,24,NA,NA,NA,24,72,NA,NA,NA,72,137,NA,NA,NA,137,"anigbik01",0.1,"Ike Anigbogu"
"39","ALABAMA","ALABAMA","ALABAMA","ALABAMA",NA,33,33,31,31,128,594,1009,1085,1053,3741,87,145,218,255,705,144,243,389,446,1222,NA,NA,0,1,1,NA,NA,1,4,5,21,73,125,119,338,39,109,171,155,474,NA,NA,NA,NA,NA,140,259,285,284,968,3,11,27,35,76,10,14,19,23,66,2,4,6,5,17,27,45,75,80,227,76,96,88,96,356,195,363,561,630,1749,"anslemi01",6.4,"Michael Ansley"
"40","SYRACUSE",NA,NA,NA,NA,35,NA,NA,NA,35,1274,NA,NA,NA,1274,277,NA,NA,NA,277,612,NA,NA,NA,612,56,NA,NA,NA,56,166,NA,NA,NA,166,168,NA,NA,NA,168,238,NA,NA,NA,238,NA,NA,NA,NA,NA,349,NA,NA,NA,349,77,NA,NA,NA,77,55,NA,NA,NA,55,30,NA,NA,NA,30,77,NA,NA,NA,77,77,NA,NA,NA,77,778,NA,NA,NA,778,"anthoca01",100.1,"Carmelo Anthony"
"41","PORTLAND","UNLV","UNLV","UNLV",NA,28,36,39,35,138,923,1025,1160,1100,4208,147,155,145,141,588,369,350,317,309,1345,35,47,45,45,172,95,125,120,114,454,100,107,101,79,387,144,153,148,102,547,NA,NA,NA,NA,NA,121,102,116,89,428,112,239,289,310,950,54,85,106,84,329,8,8,16,14,46,71,107,121,68,367,67,111,100,68,346,429,464,436,406,1735,"anthogr01",35.9,"Greg Anthony"
"42","INDIANA","INDIANA",NA,NA,NA,34,16,NA,NA,50,466,402,NA,NA,868,66,68,NA,NA,134,116,122,NA,NA,238,13,14,NA,NA,27,29,45,NA,NA,74,20,27,NA,NA,47,42,48,NA,NA,90,42,28,NA,NA,70,90,87,NA,NA,177,18,23,NA,NA,41,27,21,NA,NA,48,26,21,NA,NA,47,28,26,NA,NA,54,52,33,NA,NA,85,165,177,NA,NA,342,"anunoog01",1.9,"OG Anunoby"
"43","BYU","BYU",NA,NA,NA,32,30,NA,NA,62,802,895,NA,NA,1697,155,211,NA,NA,366,278,368,NA,NA,646,3,8,NA,NA,11,11,30,NA,NA,41,70,122,NA,NA,192,109,169,NA,NA,278,NA,NA,NA,NA,NA,286,303,NA,NA,589,38,37,NA,NA,75,45,43,NA,NA,88,15,25,NA,NA,40,NA,NA,NA,NA,NA,NA,NA,NA,NA,NA,383,552,NA,NA,935,"araujra01",-0.4,"Rafael Araujo"
"44","ILLINOIS","ILLINOIS","ILLINOIS","ILLINOIS",NA,32,30,34,34,130,457,364,514,769,2104,32,35,77,114,258,82,67,131,173,453,0,0,0,0,0,0,0,0,1,1,31,31,90,134,286,45,48,122,205,420,NA,NA,NA,NA,NA,100,97,154,188,539,26,15,22,44,107,16,12,12,25,65,10,7,26,38,81,59,29,48,67,203,85,68,114,123,390,95,101,244,362,802,"archiro01",0,"Robert Archibald"
"45","ARIZONA","ARIZONA",NA,NA,NA,34,36,NA,NA,70,1093,1044,NA,NA,2137,187,208,NA,NA,395,413,434,NA,NA,847,38,69,NA,NA,107,130,166,NA,NA,296,111,97,NA,NA,208,148,134,NA,NA,282,NA,NA,NA,NA,NA,138,131,NA,NA,269,71,84,NA,NA,155,71,65,NA,NA,136,9,7,NA,NA,16,87,101,NA,NA,188,83,82,NA,NA,165,523,582,NA,NA,1105,"arenagi01",51.3,"Gilbert Arenas"
"46","UCLA",NA,NA,NA,NA,25,NA,NA,NA,25,789,NA,NA,NA,789,107,NA,NA,NA,107,251,NA,NA,NA,251,18,NA,NA,NA,18,76,NA,NA,NA,76,57,NA,NA,NA,57,113,NA,NA,NA,113,NA,NA,NA,NA,NA,162,NA,NA,NA,162,52,NA,NA,NA,52,42,NA,NA,NA,42,11,NA,NA,NA,11,NA,NA,NA,NA,NA,NA,NA,NA,NA,NA,289,NA,NA,NA,289,"arizatr01",55.5,"Trevor Ariza"
"47","IOWA","IOWA","IOWA","IOWA",NA,29,35,34,32,130,232,995,1023,1015,3265,32,153,203,195,583,66,295,421,403,1185,NA,28,62,46,136,NA,54,137,116,307,19,100,124,160,403,21,126,146,192,485,NA,NA,NA,NA,NA,16,89,74,79,258,41,148,155,173,517,8,50,35,59,152,0,1,1,7,9,19,82,77,77,255,17,55,35,50,157,83,434,592,596,1705,"armstbj01",45,"B.J. Armstrong"
"48","PEPPERDINE","PEPPERDINE",NA,NA,NA,34,31,NA,NA,65,947,1027,NA,NA,1974,190,240,NA,NA,430,443,537,NA,NA,980,66,76,NA,NA,142,165,198,NA,NA,363,45,128,NA,NA,173,55,155,NA,NA,210,NA,NA,NA,NA,NA,108,101,NA,NA,209,50,46,NA,NA,96,64,46,NA,NA,110,8,6,NA,NA,14,61,65,NA,NA,126,83,85,NA,NA,168,491,684,NA,NA,1175,"armstbr01",-0.6,"Brandon Armstrong"
"49","UCONN","UCONN","UCONN","UCONN",NA,32,35,30,34,131,346,318,373,943,1980,36,32,41,118,227,66,64,79,194,403,0,0,0,1,1,0,1,0,2,3,16,19,32,92,159,32,49,61,133,275,NA,NA,NA,NA,NA,90,98,103,226,517,22,9,17,25,73,8,5,9,21,43,24,24,36,107,191,NA,NA,NA,NA,NA,NA,NA,NA,NA,NA,88,83,114,329,614,"armsthi01",3.9,"Hilton Armstrong"
"50","STJOHNS","STJOHNS",NA,NA,NA,32,37,NA,NA,69,NA,1265,NA,NA,1265,139,196,NA,NA,335,335,418,NA,NA,753,34,58,NA,NA,92,104,155,NA,NA,259,60,85,NA,NA,145,114,132,NA,NA,246,NA,NA,NA,NA,NA,201,232,NA,NA,433,62,156,NA,NA,218,52,76,NA,NA,128,36,44,NA,NA,80,NA,105,NA,NA,105,NA,85,NA,NA,85,372,535,NA,NA,907,"artesro01",61.1,"Metta World Peace"
"51","KANSAS","KANSAS",NA,NA,NA,38,40,NA,NA,78,721,989,NA,NA,1710,155,214,NA,NA,369,288,394,NA,NA,682,0,2,NA,NA,2,5,12,NA,NA,17,64,80,NA,NA,144,99,114,NA,NA,213,NA,NA,NA,NA,NA,177,250,NA,NA,427,17,33,NA,NA,50,33,20,NA,NA,53,56,53,NA,NA,109,NA,75,NA,NA,75,NA,NA,NA,NA,NA,374,510,NA,NA,884,"arthuda01",12,"Darrell Arthur"
"52","UNLV","UNLV","UNLV","UNLV",NA,34,37,39,35,145,884,1091,1246,1062,4283,117,210,210,220,757,204,405,380,375,1364,2,41,16,38,97,2,98,50,81,231,75,106,118,101,400,116,160,176,139,591,NA,NA,NA,NA,NA,206,274,270,255,1005,64,101,143,125,433,69,59,69,78,275,24,27,49,28,128,70,89,91,62,312,104,104,96,76,380,311,567,554,579,2011,"augmost01",43.8,"Stacey Augmon"
"53","TEXAS","TEXAS",NA,NA,NA,35,38,NA,NA,73,1245,1417,NA,NA,2662,154,242,NA,NA,396,343,551,NA,NA,894,45,74,NA,NA,119,102,194,NA,NA,296,150,173,NA,NA,323,179,221,NA,NA,400,NA,NA,NA,NA,NA,99,112,NA,NA,211,233,219,NA,NA,452,53,47,NA,NA,100,3,0,NA,NA,3,NA,105,NA,NA,105,NA,NA,NA,NA,NA,503,731,NA,NA,1234,"augusdj01",32.4,"D.J. Augustin"
"54","ILLINOIS","ILLINOIS","ILLINOIS","ILLINOIS",NA,32,33,39,33,137,697,904,1037,1079,3717,94,125,141,174,534,162,197,227,279,865,5,0,0,1,6,14,2,0,2,18,32,68,110,99,309,45,106,147,152,450,NA,NA,NA,NA,NA,186,242,295,300,1023,25,21,43,59,148,20,38,36,47,141,27,42,46,24,139,NA,NA,NA,NA,NA,NA,NA,NA,NA,NA,225,318,392,448,1383,"augusja01",0.3,"James Augustine"
"55","ARIZONAST","ARIZONAST",NA,NA,NA,31,30,NA,NA,61,848,906,NA,NA,1754,164,189,NA,NA,353,300,331,NA,NA,631,0,0,NA,NA,0,1,1,NA,NA,2,97,112,NA,NA,209,150,178,NA,NA,328,NA,NA,NA,NA,NA,192,262,NA,NA,454,27,57,NA,NA,84,20,29,NA,NA,49,24,17,NA,NA,41,77,75,NA,NA,152,92,83,NA,NA,175,425,490,NA,NA,915,"austiis01",9.2,"Isaac Austin"
"57","SETONHALL","SETONHALL","SETONHALL",NA,NA,38,28,34,NA,100,395,842,1114,NA,2351,68,119,228,NA,415,149,244,395,NA,788,NA,NA,NA,NA,NA,NA,NA,NA,NA,NA,32,55,150,NA,237,49,89,200,NA,338,NA,NA,NA,NA,NA,114,262,335,NA,711,12,47,53,NA,112,6,15,29,NA,50,27,53,34,NA,114,38,84,84,NA,206,63,117,92,NA,272,168,293,606,NA,1067,"aventan01",0.3,"Anthony Avent"
"58","DUKE","DUKE",NA,NA,NA,35,39,NA,NA,74,NA,1210,NA,NA,1210,102,201,NA,NA,303,239,416,NA,NA,655,32,76,NA,NA,108,108,185,NA,NA,293,61,102,NA,NA,163,82,126,NA,NA,208,NA,NA,NA,NA,NA,69,137,NA,NA,206,87,196,NA,NA,283,34,57,NA,NA,91,1,1,NA,NA,2,NA,102,NA,NA,102,NA,86,NA,NA,86,297,580,NA,NA,877,"averywi01",-0.9,"William Avery"
"59","NEVADA","NEVADA",NA,NA,NA,34,34,NA,NA,68,NA,1260,NA,NA,1260,194,251,NA,NA,445,425,502,NA,NA,927,33,42,NA,NA,75,77,101,NA,NA,178,152,199,NA,NA,351,176,217,NA,NA,393,NA,70,NA,NA,70,251,303,NA,NA,554,47,72,NA,NA,119,24,35,NA,NA,59,24,27,NA,NA,51,65,81,NA,NA,146,NA,87,NA,NA,87,573,743,NA,NA,1316,"babbilu01",7.2,"Luke Babbitt"
"60","TNTECH","TNTECH","TNTECH",NA,NA,25,30,25,NA,80,650,899,591,NA,2140,103,161,122,NA,386,224,322,259,NA,805,NA,2,NA,NA,2,NA,7,NA,NA,7,64,75,65,NA,204,97,114,95,NA,306,NA,NA,NA,NA,NA,170,244,183,NA,597,21,23,29,NA,73,16,28,21,NA,65,25,58,32,NA,115,74,94,71,NA,239,91,95,73,NA,259,270,399,309,NA,978,"babicmi01",-0.1,"Milos Babic"
"61","FLORIDAST","FLORIDAST",NA,NA,NA,34,35,NA,NA,69,979,1008,NA,NA,1987,197,221,NA,NA,418,441,489,NA,NA,930,32,57,NA,NA,89,114,171,NA,NA,285,110,104,NA,NA,214,154,138,NA,NA,292,46,35,NA,NA,81,197,147,NA,NA,344,50,61,NA,NA,111,33,35,NA,NA,68,1,4,NA,NA,5,74,71,NA,NA,145,73,55,NA,NA,128,536,603,NA,NA,1139,"bacondw01",0,"Dwayne Bacon"
"62","UCLA","UCLA","UCLA","UCLA",NA,33,31,32,33,129,827,1063,1148,NA,3038,137,170,166,206,679,283,371,360,465,1479,20,62,42,47,171,73,157,126,145,501,53,56,76,132,317,94,87,115,179,475,NA,NA,NA,NA,NA,158,134,183,195,670,63,105,155,135,458,35,27,39,38,139,9,12,7,23,51,67,113,117,NA,297,73,67,72,NA,212,347,458,450,591,1846,"baileto01",1,"Toby Bailey"
"63","NMEXICO","NMEXICO","NMEXICO","NMEXICO",NA,31,34,35,34,134,301,523,844,1119,2787,33,40,108,237,418,55,90,237,426,808,1,0,0,1,2,2,1,0,3,6,13,45,124,219,401,22,71,168,298,559,25,57,76,76,234,55,123,208,251,637,7,11,31,53,102,6,13,24,19,62,8,19,21,51,99,14,32,43,68,157,46,80,84,72,282,80,125,340,694,1239,"bairsca01",-0.1,"Cameron Bairstow"
"64","HARTFORD","HARTFORD","HARTFORD","HARTFORD",NA,28,29,27,28,112,374,899,997,1019,3289,58,216,281,305,860,94,440,638,639,1811,NA,NA,41,32,73,NA,NA,214,119,333,16,137,142,150,445,41,202,216,240,699,NA,NA,NA,NA,NA,82,302,267,300,951,7,18,36,54,115,7,31,35,39,112,47,58,100,74,279,27,81,88,81,277,88,97,69,79,333,132,569,745,792,2238,"bakervi01",47,"Vin Baker"
"65","VANDY","VANDY",NA,NA,NA,35,33,NA,NA,68,1009,1002,NA,NA,2011,99,135,NA,NA,234,227,316,NA,NA,543,43,41,NA,NA,84,98,101,NA,NA,199,85,155,NA,NA,240,106,194,NA,NA,300,17,13,NA,NA,30,145,132,NA,NA,277,155,172,NA,NA,327,50,40,NA,NA,90,4,11,NA,NA,15,67,91,NA,NA,158,86,85,NA,NA,171,326,466,NA,NA,792,"baldwwa01",-0.3,"Wade Baldwin"
"66","SCAROLINA","SCAROLINA","SCAROLINA",NA,NA,33,33,38,NA,104,600,615,978,NA,2193,91,74,152,NA,317,163,160,250,NA,573,6,6,4,NA,16,24,18,13,NA,55,41,24,56,NA,121,79,44,104,NA,227,NA,NA,NA,NA,NA,151,160,239,NA,550,46,57,73,NA,176,33,25,65,NA,123,43,21,48,NA,112,NA,NA,NA,NA,NA,NA,NA,NA,NA,NA,229,178,364,NA,771,"balkmre01",7.2,"Renaldo Balkman"
"67","UCLA",NA,NA,NA,NA,36,NA,NA,NA,36,1263,NA,NA,NA,1263,189,NA,NA,NA,189,343,NA,NA,NA,343,80,NA,NA,NA,80,194,NA,NA,NA,194,66,NA,NA,NA,66,98,NA,NA,NA,98,33,NA,NA,NA,33,216,NA,NA,NA,216,274,NA,NA,NA,274,66,NA,NA,NA,66,28,NA,NA,NA,28,89,NA,NA,NA,89,65,NA,NA,NA,65,524,NA,NA,NA,524,"balllo01",1,"Lonzo Ball"
"68","UNLV","UNLV",NA,NA,NA,31,32,NA,NA,63,1006,1154,NA,NA,2160,158,223,NA,NA,381,336,434,NA,NA,770,24,41,NA,NA,65,75,122,NA,NA,197,150,162,NA,NA,312,213,214,NA,NA,427,NA,NA,NA,NA,NA,103,107,NA,NA,210,94,175,NA,NA,269,67,91,NA,NA,158,6,4,NA,NA,10,99,126,NA,NA,225,96,87,NA,NA,183,490,649,NA,NA,1139,"banksma01",6.6,"Marcus Banks"
"69","ILLINOIS","ILLINOIS","ILLINOIS","ILLINOIS",NA,31,33,36,29,129,630,820,1000,944,3394,42,80,94,99,315,102,178,212,225,717,1,3,29,28,61,3,8,59,64,134,34,53,76,55,218,50,87,96,78,311,NA,NA,NA,NA,NA,92,138,144,178,552,85,125,148,137,495,23,41,34,37,135,15,7,8,14,44,52,70,61,78,261,71,79,89,86,325,119,216,293,281,909,"bardost01",-0.1,"Steve Bardo"
"70","STJOHNS","STJOHNS",NA,NA,NA,37,28,NA,NA,65,1228,1033,NA,NA,2261,157,159,NA,NA,316,397,400,NA,NA,797,57,50,NA,NA,107,166,160,NA,NA,326,129,81,NA,NA,210,167,122,NA,NA,289,NA,NA,NA,NA,NA,118,84,NA,NA,202,175,127,NA,NA,302,83,84,NA,NA,167,10,8,NA,NA,18,77,68,NA,NA,145,93,64,NA,NA,157,500,449,NA,NA,949,"barkler01",0.2,"Erick Barkley"
"71","UNC","UNC",NA,NA,NA,37,38,NA,NA,75,1087,1111,NA,NA,2198,209,229,NA,NA,438,497,521,NA,NA,1018,67,49,NA,NA,116,195,137,NA,NA,332,93,141,NA,NA,234,124,195,NA,NA,319,75,74,NA,NA,149,216,198,NA,NA,414,53,43,NA,NA,96,27,41,NA,NA,68,16,13,NA,NA,29,72,74,NA,NA,146,72,68,NA,NA,140,578,648,NA,NA,1226,"barneha02",25,"Harrison Barnes"
"72","UCLA","UCLA","UCLA","UCLA",NA,30,28,32,31,121,394,413,971,953,2731,43,65,142,152,402,99,138,297,323,857,10,5,3,43,61,34,32,25,103,194,22,21,85,73,201,46,43,148,118,355,NA,NA,NA,NA,NA,86,74,232,192,584,23,29,85,108,245,10,19,51,35,115,5,11,19,10,45,30,36,87,87,240,57,37,103,75,272,118,156,372,420,1066,"barnema02",42.8,"Matt Barnes"
"73","BOSTONCOLL","BOSTONCOLL","BOSTONCOLL","BOSTONCOLL",NA,28,29,33,29,119,971,1145,1223,1096,4435,158,194,242,230,824,330,424,504,484,1742,NA,70,109,112,291,NA,173,240,261,674,68,85,130,120,403,86,100,153,140,479,NA,NA,NA,NA,NA,78,85,113,103,379,97,110,135,96,438,57,36,43,43,179,0,3,2,3,8,51,77,76,63,267,68,56,45,48,217,384,543,723,692,2342,"barroda01",49.6,"Dana Barros"
"74","OREGONST","OREGONST","OREGONST","OREGONST",NA,31,23,27,27,108,545,607,959,1012,3123,57,55,144,181,437,136,134,289,352,911,25,15,38,52,130,77,64,104,132,377,22,40,85,153,300,33,47,112,186,378,NA,NA,NA,NA,NA,47,49,141,159,396,70,83,94,104,351,30,33,64,72,199,11,21,23,12,67,54,76,93,86,309,49,63,84,71,267,161,165,411,567,1304,"barrybr01",70.5,"Brent Barry"
"75","GATECH","GATECH","GATECH","GATECH",NA,30,24,27,36,117,806,787,966,1315,3874,80,61,119,149,409,171,145,232,367,915,25,27,50,77,179,78,81,117,209,485,33,45,73,105,256,41,58,97,133,329,NA,NA,NA,NA,NA,102,82,131,167,482,164,141,181,238,724,42,40,46,65,193,9,6,13,13,41,91,64,81,130,366,41,48,53,68,210,218,194,361,480,1253,"barrydr01",0.6,"Drew Barry"
"76","PACIFIC","GATECH","GATECH",NA,NA,29,30,35,NA,94,809,1088,1231,NA,3128,100,180,201,NA,481,269,405,468,NA,1142,22,77,99,NA,198,59,209,265,NA,533,53,41,101,NA,195,71,56,145,NA,272,NA,NA,NA,NA,NA,74,110,152,NA,336,108,110,207,NA,425,39,53,71,NA,163,3,16,8,NA,27,89,68,120,NA,277,45,66,81,NA,192,275,478,602,NA,1355,"barryjo01",37.2,"Jon Barry"
"77","MEMPHIS","MEMPHIS",NA,NA,NA,35,35,NA,NA,70,1070,1236,NA,NA,2306,167,230,NA,NA,397,390,452,NA,NA,842,39,37,NA,NA,76,147,107,NA,NA,254,58,134,NA,NA,192,83,179,NA,NA,262,49,70,NA,NA,119,173,279,NA,NA,452,99,102,NA,NA,201,54,50,NA,NA,104,17,25,NA,NA,42,89,75,NA,NA,164,80,74,NA,NA,154,431,631,NA,NA,1062,"bartowi01",12.3,"Will Barton"
"78","LSU","LSU",NA,NA,NA,29,30,NA,NA,59,1013,1007,NA,NA,2020,121,181,NA,NA,302,240,319,NA,NA,559,5,12,NA,NA,17,19,26,NA,NA,45,123,146,NA,NA,269,157,188,NA,NA,345,NA,NA,NA,NA,NA,214,272,NA,NA,486,17,25,NA,NA,42,21,24,NA,NA,45,56,48,NA,NA,104,NA,NA,NA,NA,NA,NA,NA,NA,NA,NA,370,520,NA,NA,890,"bassbr01",42.8,"Brandon Bass"
"79","MICHIGAN","MICHIGAN","MICHIGAN","MICHIGAN",NA,30,32,34,30,126,549,785,816,NA,2150,89,137,116,129,471,132,201,202,216,751,0,0,0,0,0,0,1,0,0,1,52,101,122,123,398,95,149,182,188,614,NA,NA,NA,NA,NA,165,211,231,223,830,6,19,15,35,75,22,17,28,25,92,30,41,34,33,138,55,70,67,NA,192,98,99,97,NA,294,230,375,354,381,1340,"bastoma01",2.3,"Maceo Baston"
"80","DUKE","DUKE","DUKE","DUKE",NA,36,37,34,39,146,NA,881,1206,1363,3450,96,114,190,251,651,178,209,383,533,1303,4,39,79,124,246,24,94,178,296,592,79,71,134,152,436,108,98,164,191,561,NA,NA,NA,NA,NA,230,180,192,285,887,40,55,72,72,239,51,65,68,82,266,53,43,70,88,254,NA,32,44,60,136,NA,78,71,80,229,275,338,593,778,1984,"battish01",75.7,"Shane Battier"
"81","TXTECH","TXTECH","TXTECH",NA,NA,29,30,28,NA,87,368,806,978,NA,2152,47,114,206,NA,367,96,221,356,NA,673,0,4,6,NA,10,6,14,16,NA,36,18,60,107,NA,185,27,95,163,NA,285,NA,NA,NA,NA,NA,129,266,329,NA,724,17,32,23,NA,72,8,22,26,NA,56,23,68,71,NA,162,27,36,77,NA,140,50,88,85,NA,223,112,292,525,NA,929,"battito01",36.4,"Tony Battie"
"82","NILLINOIS","NILLINOIS","ILLINOIS","ILLINOIS",NA,27,27,33,36,123,1003,977,1027,1105,4112,195,201,197,218,811,369,354,341,361,1425,NA,NA,0,9,9,NA,NA,1,17,18,154,126,122,151,553,234,193,179,200,806,NA,NA,NA,NA,NA,167,175,183,174,699,59,59,55,64,237,60,67,72,89,288,41,30,10,13,94,84,99,70,63,316,91,90,84,73,338,544,528,516,596,2184,"battlke01",3.7,"Kenny Battle"
"83","MARYLAND","MARYLAND","MARYLAND","MARYLAND",NA,32,35,36,35,138,463,970,935,1005,3373,82,218,219,193,712,137,409,387,354,1287,2,0,1,0,3,2,0,2,1,5,51,111,122,147,431,89,187,206,236,718,NA,NA,NA,NA,NA,116,308,286,288,998,18,31,19,28,96,22,34,31,33,120,24,79,55,69,227,29,64,56,76,225,75,118,112,103,408,217,547,561,533,1858,"baxtelo01",2.9,"Lonny Baxter"
"84","ARIZONA",NA,NA,NA,NA,30,NA,NA,NA,30,1072,NA,NA,NA,1072,173,NA,NA,NA,173,378,NA,NA,NA,378,59,NA,NA,NA,59,145,NA,NA,NA,145,187,NA,NA,NA,187,223,NA,NA,NA,223,NA,NA,NA,NA,NA,82,NA,NA,NA,82,121,NA,NA,NA,121,29,NA,NA,NA,29,3,NA,NA,NA,3,89,NA,NA,NA,89,NA,NA,NA,NA,NA,592,NA,NA,NA,592,"bayleje01",18.6,"Jerryd Bayless"
"85","FLORIDA",NA,NA,NA,NA,37,NA,NA,NA,37,1267,NA,NA,NA,1267,175,NA,NA,NA,175,393,NA,NA,NA,393,63,NA,NA,NA,63,186,NA,NA,NA,186,133,NA,NA,NA,133,173,NA,NA,NA,173,50,NA,NA,NA,50,249,NA,NA,NA,249,83,NA,NA,NA,83,51,NA,NA,NA,51,31,NA,NA,NA,31,79,NA,NA,NA,79,76,NA,NA,NA,76,546,NA,NA,NA,546,"bealbr01",26.3,"Bradley Beal"
"86","MIDLANDCC","MIDLANDCC","NDAKOTA","NDAKOTA",NA,35,30,29,29,123,NA,NA,866,919,1785,81,129,251,293,754,148,272,471,571,1462,0,0,14,33,47,1,0,27,72,100,8,58,114,153,333,18,88,151,208,465,NA,NA,NA,NA,NA,141,165,228,259,793,9,5,27,18,59,NA,NA,28,16,44,NA,NA,12,22,34,NA,NA,50,53,103,NA,NA,61,61,122,170,316,630,772,1888,"beaslje01",0,"Jerome Beasley"
"87","FLORIDAST",NA,NA,NA,NA,34,NA,NA,NA,34,1014,NA,NA,NA,1014,185,NA,NA,NA,185,393,NA,NA,NA,393,55,NA,NA,NA,55,142,NA,NA,NA,142,104,NA,NA,NA,104,128,NA,NA,NA,128,44,NA,NA,NA,44,180,NA,NA,NA,180,51,NA,NA,NA,51,32,NA,NA,NA,32,6,NA,NA,NA,6,59,NA,NA,NA,59,75,NA,NA,NA,75,529,NA,NA,NA,529,"beaslma01",0.4,"Malik Beasley"
"88","KANSASST",NA,NA,NA,NA,33,NA,NA,NA,33,1041,NA,NA,NA,1041,307,NA,NA,NA,307,577,NA,NA,NA,577,36,NA,NA,NA,36,95,NA,NA,NA,95,216,NA,NA,NA,216,279,NA,NA,NA,279,NA,NA,NA,NA,NA,408,NA,NA,NA,408,38,NA,NA,NA,38,42,NA,NA,NA,42,54,NA,NA,NA,54,95,NA,NA,NA,95,NA,NA,NA,NA,NA,866,NA,NA,NA,866,"beaslmi01",14.2,"Michael Beasley"
"89","OREGON","OREGON","OREGON",NA,NA,35,31,39,NA,105,831,636,1124,NA,2591,83,91,171,NA,345,139,158,269,NA,566,0,0,3,NA,3,0,2,14,NA,16,11,28,82,NA,121,21,54,117,NA,192,66,46,112,NA,224,214,163,342,NA,719,47,38,70,NA,155,28,34,49,NA,111,94,52,88,NA,234,37,50,75,NA,162,95,78,68,NA,241,177,210,427,NA,814,"belljo01",2.3,"Jordan Bell"
"90","BOSTONCOLL","BOSTONCOLL","BOSTONCOLL","BOSTONCOLL",NA,27,32,32,31,122,865,1095,1199,1198,4357,144,186,207,224,761,373,405,508,508,1794,59,70,65,106,300,148,179,216,264,807,161,210,212,227,810,180,245,240,268,933,NA,NA,NA,NA,NA,83,138,130,142,493,56,133,123,115,427,47,83,72,70,272,8,13,8,6,35,102,73,97,79,351,62,73,83,66,284,508,652,691,781,2632,"belltr01",-0.2,"Troy Bell"
"91","STJOSEPHS","STJOSEPHS","STJOSEPHS",NA,NA,34,31,36,NA,101,1107,1197,1341,NA,3645,143,199,238,NA,580,312,461,497,NA,1270,36,50,34,NA,120,104,153,128,NA,385,91,102,117,NA,310,156,160,178,NA,494,37,49,51,NA,137,153,240,279,NA,672,92,111,161,NA,364,32,60,51,NA,143,19,29,30,NA,78,86,89,73,NA,248,88,73,88,NA,249,413,550,627,NA,1590,"bembrde01",-0.3,"DeAndre Bembry"
"92","OREGONST","OREGONST",NA,NA,NA,23,25,NA,NA,48,601,NA,NA,NA,601,121,185,NA,NA,306,280,343,NA,NA,623,35,29,NA,NA,64,111,99,NA,NA,210,66,97,NA,NA,163,101,136,NA,NA,237,NA,NA,NA,NA,NA,92,125,NA,NA,217,31,56,NA,NA,87,25,46,NA,NA,71,12,17,NA,NA,29,78,NA,NA,NA,78,80,NA,NA,NA,80,343,496,NA,NA,839,"benjaco01",-0.9,"Corey Benjamin"
"93","UNLV",NA,NA,NA,NA,35,NA,NA,NA,35,950,NA,NA,NA,950,202,NA,NA,NA,202,379,NA,NA,NA,379,36,NA,NA,NA,36,96,NA,NA,NA,96,124,NA,NA,NA,124,177,NA,NA,NA,177,86,NA,NA,NA,86,285,NA,NA,NA,285,34,NA,NA,NA,34,24,NA,NA,NA,24,43,NA,NA,NA,43,65,NA,NA,NA,65,80,NA,NA,NA,80,564,NA,NA,NA,564,"bennean01",0.5,"Anthony Bennett"
"94","NOTREDAME","NOTREDAME","NOTREDAME","NOTREDAME",NA,30,29,32,33,124,436,716,1127,1187,3466,67,112,161,195,535,146,233,389,441,1209,6,9,32,44,91,14,25,87,133,259,25,84,106,112,327,39,114,144,159,456,NA,NA,NA,NA,NA,36,45,95,119,295,59,106,147,204,516,19,22,51,60,152,2,1,1,2,6,NA,NA,NA,149,149,53,66,86,98,303,165,317,460,546,1488,"benneel01",-0.3,"Elmer Bennett"
"95","ARIZONAST","ARIZONAST","ARIZONAST",NA,NA,33,21,33,NA,87,889,706,1132,NA,2727,159,134,247,NA,540,277,226,417,NA,920,7,5,8,NA,20,22,16,30,NA,68,86,67,115,NA,268,140,132,234,NA,506,NA,NA,NA,NA,NA,224,180,271,NA,675,28,32,79,NA,139,40,21,34,NA,95,55,21,115,NA,191,78,62,101,NA,241,91,71,96,NA,258,411,340,617,NA,1368,"bennema01",1.9,"Mario Bennett"
"96","WISCGB","WISCGB","WISCGB","WISCGB",NA,27,30,31,30,118,930,1079,1118,995,4122,179,179,229,205,792,343,355,419,384,1501,47,68,80,95,290,107,141,150,186,584,111,73,127,100,411,131,85,152,121,489,NA,NA,NA,NA,NA,54,66,73,86,279,138,155,154,154,601,49,38,38,36,161,1,2,2,7,12,62,73,65,77,277,72,86,82,49,289,516,499,665,605,2285,"benneto01",1.6,"Tony Bennett"
"97","OAKLAND","OAKLAND","OAKLAND","OAKLAND",NA,29,36,35,35,135,NA,NA,1095,1133,2228,54,191,208,231,684,107,307,390,422,1226,0,0,2,9,11,0,1,5,23,29,44,134,189,157,524,66,201,261,244,772,NA,NA,111,93,204,102,280,367,354,1103,3,25,28,38,94,5,20,15,28,68,40,87,117,125,369,21,38,58,66,183,NA,NA,104,108,212,152,516,607,628,1903,"bensoke02",0,"Keith Benson"
"98","PROVIDENCE","PROVIDENCE",NA,NA,NA,34,35,NA,NA,69,730,1198,NA,NA,1928,75,246,NA,NA,321,172,533,NA,NA,705,9,52,NA,NA,61,30,158,NA,NA,188,57,194,NA,NA,251,82,248,NA,NA,330,79,94,NA,NA,173,166,268,NA,NA,434,21,40,NA,NA,61,9,30,NA,NA,39,12,36,NA,NA,48,40,67,NA,NA,107,89,97,NA,NA,186,216,738,NA,NA,954,"bentibe01",-0.1,"Ben Bentil"
"99","GATECH","GATECH","GATECH","GATECH",NA,35,30,29,30,124,1227,1075,1087,1115,4504,151,163,180,209,703,336,345,390,469,1540,56,80,49,73,258,145,175,144,192,656,72,82,123,116,393,98,109,142,137,486,NA,NA,NA,NA,NA,89,94,104,95,382,198,176,167,151,692,48,51,58,60,217,0,6,3,6,15,101,85,69,69,324,83,73,84,71,311,430,488,532,607,2057,"besttr01",30.9,"Travis Best"
"100","ARKANSAS","ARKANSAS",NA,NA,NA,35,35,NA,NA,70,NA,NA,NA,NA,NA,150,136,NA,NA,286,351,330,NA,NA,681,73,65,NA,NA,138,189,172,NA,NA,361,112,85,NA,NA,197,138,132,NA,NA,270,NA,NA,NA,NA,NA,156,231,NA,NA,387,110,84,NA,NA,194,61,44,NA,NA,105,14,16,NA,NA,30,NA,69,NA,NA,69,NA,NA,NA,NA,NA,485,422,NA,NA,907,"beverpa01",20,"Patrick Beverley"
"101","ARIZONA","ARIZONA",NA,NA,NA,34,35,NA,NA,69,1110,NA,NA,NA,1110,151,209,NA,NA,360,339,450,NA,NA,789,67,77,NA,NA,144,170,199,NA,NA,369,89,108,NA,NA,197,127,143,NA,NA,270,NA,NA,NA,NA,NA,109,106,NA,NA,215,176,199,NA,NA,375,76,84,NA,NA,160,7,7,NA,NA,14,100,NA,NA,NA,100,77,NA,NA,NA,77,458,603,NA,NA,1061,"bibbymi01",73.2,"Mike Bibby"
"102","COLORADO","COLORADO",NA,NA,NA,26,29,NA,NA,55,919,947,NA,NA,1866,145,152,NA,NA,297,351,368,NA,NA,719,45,75,NA,NA,120,127,187,NA,NA,314,130,176,NA,NA,306,151,206,NA,NA,357,NA,NA,NA,NA,NA,165,141,NA,NA,306,143,139,NA,NA,282,42,62,NA,NA,104,4,4,NA,NA,8,119,84,NA,NA,203,75,53,NA,NA,128,465,555,NA,NA,1020,"billuch01",120.8,"Chauncey Billups"
"103","CALIFORNIA","CALIFORNIA","CALIFORNIA","CALIFORNIA",NA,31,23,33,27,114,619,648,883,863,3013,93,92,125,140,450,219,210,271,318,1018,30,31,61,65,187,93,84,149,178,504,41,26,31,42,140,51,34,46,55,186,17,22,25,26,90,61,76,110,127,374,33,40,31,28,132,12,11,17,18,58,8,10,11,6,35,32,28,27,50,137,38,51,56,52,197,257,241,342,387,1227,"birdja01",0,"Jabari Bird"
"104","PITT","PITT",NA,NA,NA,37,35,NA,NA,72,NA,NA,NA,NA,NA,168,226,NA,NA,394,313,381,NA,NA,694,0,0,NA,NA,0,0,0,NA,NA,0,93,98,NA,NA,191,149,162,NA,NA,311,NA,NA,NA,NA,NA,337,432,NA,NA,769,35,42,NA,NA,77,62,54,NA,NA,116,41,34,NA,NA,75,71,44,NA,NA,115,NA,NA,NA,NA,NA,429,550,NA,NA,979,"blairde01",19,"DeJuan Blair"
"105","MARYLAND","MARYLAND","MARYLAND","MARYLAND",NA,35,36,36,31,138,1115,1036,1153,1009,4313,86,83,91,114,374,211,208,238,275,932,37,37,44,64,182,102,94,128,154,478,35,45,61,68,209,51,63,74,83,271,NA,NA,NA,NA,NA,106,108,137,114,465,217,248,286,221,972,71,57,56,50,234,10,7,16,5,38,127,111,116,99,453,81,83,72,54,290,244,248,287,360,1139,"blakest01",29.1,"Steve Blake"
"106","IOWAST","IOWAST","IOWAST",NA,NA,33,30,30,NA,93,1014,1107,1072,NA,3193,86,130,177,NA,393,216,321,396,NA,933,30,23,47,NA,100,69,87,118,NA,274,47,85,60,NA,192,67,109,91,NA,267,NA,NA,NA,NA,NA,91,97,99,NA,287,134,146,184,NA,464,52,60,65,NA,177,4,4,2,NA,10,NA,NA,NA,NA,NA,NA,NA,NA,NA,NA,249,368,461,NA,1078,"blalowi01",-0.1,"Will Blalock"
"107","VIRGINIA","VIRGINIA","TEXAS","TEXAS",NA,14,24,34,32,104,103,145,1295,1157,2700,14,13,237,206,470,32,25,527,512,1096,NA,1,78,78,157,NA,4,218,214,436,6,2,119,161,288,12,7,174,202,395,NA,NA,NA,NA,NA,15,18,191,136,360,6,14,145,96,261,7,7,111,87,212,0,0,10,11,21,10,16,111,81,218,14,19,94,92,219,34,29,671,651,1385,"blankla01",0.7,"Lance Blanks"
"108","LSU","LSU","LSU","LSU",NA,29,38,30,32,129,333,869,1122,1231,3555,41,94,196,250,581,67,159,384,483,1093,NA,NA,6,40,46,NA,NA,13,99,112,20,52,113,108,293,33,80,153,136,402,NA,NA,NA,NA,NA,52,188,265,261,766,23,37,107,147,314,8,23,33,47,111,0,5,2,12,19,14,49,76,87,226,28,69,80,79,256,102,240,511,648,1501,"blantri01",0,"Ricky Blanton"
"109","MIDLANDCC","MIDLANDCC","OKLAHOMA","OKLAHOMA",NA,34,33,39,35,141,NA,NA,1347,1359,2706,254,258,241,272,1025,449,500,524,598,2071,NA,71,78,91,240,NA,NA,201,245,446,62,60,78,65,265,84,83,114,100,381,NA,NA,NA,NA,NA,109,138,162,164,573,158,161,232,233,784,NA,NA,150,131,281,NA,NA,3,20,23,NA,NA,100,101,201,NA,NA,91,79,170,570,647,638,700,2555,"blaylmo01",71.8,"Mookie Blaylock"
"110","KENTUCKY",NA,NA,NA,NA,37,NA,NA,NA,37,1122,NA,NA,NA,1122,144,NA,NA,NA,144,312,NA,NA,NA,312,49,NA,NA,NA,49,128,NA,NA,NA,128,82,NA,NA,NA,82,123,NA,NA,NA,123,19,NA,NA,NA,19,114,NA,NA,NA,114,107,NA,NA,NA,107,52,NA,NA,NA,52,12,NA,NA,NA,12,112,NA,NA,NA,112,82,NA,NA,NA,82,419,NA,NA,NA,419,"bledser01",25.1,"Eric Bledsoe"
"112","CINCY","CINCY",NA,NA,NA,34,21,NA,NA,55,864,588,NA,NA,1452,114,104,NA,NA,218,238,189,NA,NA,427,0,NA,NA,NA,0,2,NA,NA,NA,2,50,30,NA,NA,80,90,53,NA,NA,143,NA,NA,NA,NA,NA,213,170,NA,NA,383,69,47,NA,NA,116,NA,NA,NA,NA,NA,NA,NA,NA,NA,NA,NA,NA,NA,NA,NA,NA,NA,NA,NA,NA,278,238,NA,NA,516,"blounco01",18.2,"Corie Blount"
"113","PITT","PITT",NA,NA,NA,27,29,NA,NA,56,389,760,NA,NA,1149,35,101,NA,NA,136,85,207,NA,NA,292,NA,1,NA,NA,1,NA,2,NA,NA,2,26,61,NA,NA,87,48,120,NA,NA,168,NA,NA,NA,NA,NA,80,198,NA,NA,278,9,30,NA,NA,39,8,20,NA,NA,28,27,78,NA,NA,105,41,88,NA,NA,129,79,94,NA,NA,173,96,264,NA,NA,360,"blounma01",18.8,"Mark Blount"
"114","KENTUCKY","KENTUCKY","KENTUCKY","KENTUCKY",NA,33,34,32,36,135,917,1050,878,1068,3913,138,210,129,194,671,339,444,327,425,1535,48,74,52,80,254,164,205,165,209,743,87,83,61,96,327,135,119,91,130,475,NA,NA,NA,NA,NA,119,158,137,138,552,57,80,79,98,314,47,34,31,42,154,1,8,2,4,15,80,89,57,78,304,57,76,71,60,264,411,577,371,564,1923,"boganke01",20.4,"Keith Bogans"
"115","UTAH","UTAH",NA,NA,NA,33,35,NA,NA,68,1002,1224,NA,NA,2226,168,281,NA,NA,449,291,453,NA,NA,744,4,9,NA,NA,13,11,25,NA,NA,36,71,144,NA,NA,215,111,208,NA,NA,319,NA,NA,NA,NA,NA,326,427,NA,NA,753,73,82,NA,NA,155,14,34,NA,NA,48,44,65,NA,NA,109,NA,NA,NA,NA,NA,NA,NA,NA,NA,NA,411,715,NA,NA,1126,"bogutan01",50.3,"Andrew Bogut"
"117","WEBERST","WEBERST","WEBERST","WEBERST",NA,37,30,30,33,130,802,903,997,1041,3743,85,83,131,193,492,147,170,277,337,931,0,1,15,20,36,0,1,41,55,97,89,94,122,159,464,128,129,166,228,651,89,107,107,109,412,262,329,306,415,1312,16,17,25,35,93,14,15,20,23,72,62,25,51,40,178,58,44,80,78,260,84,76,71,73,304,259,261,399,565,1484,"bolomjo01",0.3,"Joel Bolomboy"
"118","STLOUIS","STLOUIS","STLOUIS","STLOUIS",NA,35,28,37,33,133,1066,942,1246,NA,3254,138,154,228,254,774,233,287,407,508,1435,NA,NA,NA,4,4,NA,NA,NA,12,12,84,77,117,142,420,127,129,201,205,662,NA,NA,NA,NA,NA,337,245,386,456,1424,46,32,92,95,265,32,32,58,62,184,12,18,31,10,71,56,64,104,92,316,81,73,88,83,325,360,385,573,654,1972,"bonnean01",10.8,"Anthony Bonner"
"119","FLORIDA","FLORIDA","FLORIDA","FLORIDA",NA,36,31,31,33,131,485,883,876,1037,3281,66,150,182,182,580,150,292,355,357,1154,16,40,46,63,165,56,105,124,133,418,26,71,74,74,245,30,107,93,101,331,NA,NA,NA,NA,NA,115,238,224,201,778,15,46,48,49,158,11,25,23,35,94,9,13,22,20,64,NA,NA,NA,NA,NA,NA,NA,NA,NA,NA,174,411,484,501,1570,"bonnema01",38.5,"Matt Bonner"
"120","KENTUCKY",NA,NA,NA,NA,38,NA,NA,NA,38,816,NA,NA,NA,816,135,NA,NA,NA,135,287,NA,NA,NA,287,58,NA,NA,NA,58,141,NA,NA,NA,141,53,NA,NA,NA,53,64,NA,NA,NA,64,17,NA,NA,NA,17,76,NA,NA,NA,76,42,NA,NA,NA,42,17,NA,NA,NA,17,2,NA,NA,NA,2,37,NA,NA,NA,37,58,NA,NA,NA,58,381,NA,NA,NA,381,"bookede01",6.3,"Devin Booker"
"121","CLEMSON","CLEMSON","CLEMSON","CLEMSON",NA,36,34,32,32,134,NA,NA,NA,984,984,159,151,189,188,687,264,272,331,361,1228,0,5,9,9,23,0,15,22,34,71,56,67,104,101,328,91,117,147,171,526,NA,NA,NA,89,89,232,249,311,268,1060,38,51,54,81,224,32,22,47,43,144,78,63,63,45,249,NA,68,59,62,189,NA,NA,NA,63,63,374,374,491,486,1725,"booketr01",24.8,"Trevor Booker"
"122","UCONN","UCONN","UCONN",NA,NA,38,31,34,NA,103,835,915,922,NA,2672,97,148,137,NA,382,175,243,243,NA,661,0,0,0,NA,0,0,0,0,NA,0,32,87,76,NA,195,79,131,139,NA,349,NA,NA,NA,NA,NA,221,259,238,NA,718,26,36,22,NA,84,20,20,13,NA,53,63,90,69,NA,222,NA,NA,NA,NA,NA,NA,NA,NA,NA,NA,226,383,350,NA,959,"boonejo01",9.1,"Josh Boone"
"123","PENNST","PENNST","PENNST","PENNST",NA,29,27,32,27,115,670,706,NA,942,2318,100,87,156,157,500,182,204,294,306,986,0,1,0,0,1,0,3,1,6,10,61,61,65,100,287,96,84,97,129,406,NA,NA,NA,NA,NA,150,134,208,236,728,35,15,34,24,108,19,15,22,17,73,101,92,140,95,428,42,65,NA,62,169,64,66,NA,59,189,261,236,377,414,1288,"boothca01",8,"Calvin Booth"
"124","MARYLAND","MARYLAND","MARYLAND","MARYLAND",NA,30,34,30,32,126,867,950,955,1100,3872,113,126,145,205,589,249,277,328,437,1291,11,8,7,1,27,27,22,34,21,104,87,114,162,213,576,149,164,214,297,824,NA,NA,NA,NA,NA,183,247,233,253,916,65,76,73,82,296,45,43,41,64,193,18,13,23,19,73,108,102,92,101,403,108,106,100,93,407,324,374,459,624,1781,"boothke01",-0.8,"Keith Booth"
"125","DUKE","DUKE","DUKE",NA,NA,34,32,35,NA,101,807,820,993,NA,2620,164,160,230,NA,554,267,265,346,NA,878,0,0,0,NA,0,0,0,1,NA,1,115,105,178,NA,398,155,146,236,NA,537,NA,NA,NA,NA,NA,213,208,303,NA,724,37,40,38,NA,115,37,28,31,NA,96,23,28,21,NA,72,54,38,65,NA,157,90,91,107,NA,288,443,425,638,NA,1506,"boozeca01",80.3,"Carlos Boozer"
"126","STANFORD","STANFORD","STANFORD",NA,NA,20,17,29,NA,66,250,280,896,NA,1426,31,31,171,NA,233,81,58,297,NA,436,1,3,11,NA,15,6,7,27,NA,40,9,43,138,NA,190,13,56,206,NA,275,NA,NA,NA,NA,NA,74,72,332,NA,478,11,12,59,NA,82,5,5,17,NA,27,42,19,83,NA,144,12,21,57,NA,90,27,42,82,NA,151,72,108,491,NA,671,"borchcu01",1,"Curtis Borchardt"
"127","GATECH",NA,NA,NA,NA,31,NA,NA,NA,31,960,NA,NA,NA,960,168,NA,NA,NA,168,300,NA,NA,NA,300,22,NA,NA,NA,22,46,NA,NA,NA,46,127,NA,NA,NA,127,174,NA,NA,NA,174,NA,NA,NA,NA,NA,278,NA,NA,NA,278,38,NA,NA,NA,38,30,NA,NA,NA,30,67,NA,NA,NA,67,72,NA,NA,NA,72,73,NA,NA,NA,73,485,NA,NA,NA,485,"boshch01",106,"Chris Bosh"
"128","GEORGETOWN","GEORGETOWN","GEORGETOWN","GEORGETOWN",NA,6,31,31,33,101,NA,854,816,713,2383,7,100,133,105,345,20,215,273,203,711,0,0,0,0,0,1,1,0,0,2,2,62,130,89,283,7,113,182,124,426,NA,NA,NA,NA,NA,28,217,240,225,710,4,34,23,30,91,3,28,29,22,82,10,89,78,78,255,NA,86,99,73,258,NA,92,89,84,265,16,262,396,299,973,"boumtru01",0.2,"Ruben Boumtje-Boumtje"
"129","OLDDOM","OLDDOM","OLDDOM","OLDDOM",NA,23,33,28,34,118,204,626,NA,1021,1851,16,65,102,179,362,47,150,242,364,803,8,14,7,9,38,26,44,39,35,144,9,39,74,133,255,13,80,133,182,408,NA,NA,NA,NA,NA,38,161,245,339,783,14,11,15,43,83,3,9,14,17,43,12,42,68,97,219,17,44,NA,74,135,28,64,NA,82,174,49,183,285,500,1017,"bowdlca01",1.8,"Cal Bowdler"
"130","IOWA","IOWA","IOWA","IOWA",NA,33,27,29,31,120,647,554,827,NA,2028,58,55,120,164,397,110,91,217,272,690,0,0,10,8,18,1,0,32,15,48,35,39,93,111,278,59,58,135,161,413,NA,NA,NA,NA,NA,148,121,264,271,804,16,16,35,48,115,36,36,55,79,206,34,20,29,41,124,32,36,53,NA,121,65,51,68,NA,184,151,149,343,447,1090,"bowenry01",12.4,"Ryan Bowen"
"131","COLORADO","COLORADO","COLORADO","COLORADO",NA,28,27,26,26,107,938,896,893,801,3528,163,184,189,157,693,389,404,471,384,1648,25,23,39,42,129,90,73,123,133,419,66,124,165,125,480,117,194,233,177,721,NA,NA,NA,NA,NA,133,168,173,170,644,87,96,116,106,405,68,52,59,66,245,27,18,40,29,114,105,96,99,79,379,95,91,84,76,346,417,515,582,481,1995,"boycedo01",-0.3,"Donnie Boyce"
"132","IOWAST","IOWAST","IOWAST",NA,NA,32,32,32,NA,96,NA,NA,1124,NA,1124,137,243,192,NA,572,316,512,457,NA,1285,21,21,27,NA,69,75,74,87,NA,236,71,138,117,NA,326,97,198,154,NA,449,NA,NA,67,NA,67,160,303,273,NA,736,41,43,69,NA,153,10,17,25,NA,52,31,30,38,NA,99,54,74,68,NA,196,NA,NA,64,NA,64,366,645,528,NA,1539,"brackcr01",-0.2,"Craig Brackins"
"133","TEXAS",NA,NA,NA,NA,34,NA,NA,NA,34,1003,NA,NA,NA,1003,159,NA,NA,NA,159,368,NA,NA,NA,368,42,NA,NA,NA,42,112,NA,NA,NA,112,36,NA,NA,NA,36,66,NA,NA,NA,66,33,NA,NA,NA,33,98,NA,NA,NA,98,71,NA,NA,NA,71,44,NA,NA,NA,44,18,NA,NA,NA,18,52,NA,NA,NA,52,80,NA,NA,NA,80,396,NA,NA,NA,396,"bradlav01",14.7,"Avery Bradley"
"134","KENTUCKY","KENTUCKY","VILLANOVA",NA,NA,32,37,31,NA,100,NA,811,1053,NA,1864,30,157,254,NA,441,45,239,367,NA,651,0,0,12,NA,12,0,0,34,NA,34,18,50,125,NA,193,35,110,212,NA,357,NA,NA,NA,NA,NA,55,182,303,NA,540,15,37,81,NA,133,7,29,28,NA,64,16,30,56,NA,102,NA,64,88,NA,152,NA,72,89,NA,161,78,364,645,NA,1087,"bradlmi01",2,"Michael Bradley"
"135","BYU",NA,NA,NA,NA,34,NA,NA,NA,34,984,NA,NA,NA,984,187,NA,NA,NA,187,361,NA,NA,NA,361,1,NA,NA,NA,1,1,NA,NA,NA,1,128,NA,NA,NA,128,185,NA,NA,NA,185,NA,NA,NA,NA,NA,262,NA,NA,NA,262,41,NA,NA,NA,41,23,NA,NA,NA,23,177,NA,NA,NA,177,77,NA,NA,NA,77,109,NA,NA,NA,109,503,NA,NA,NA,503,"bradlsh01",40.7,"Shawn Bradley"
"136","UNC",NA,NA,NA,NA,38,NA,NA,NA,38,553,NA,NA,NA,553,102,NA,NA,NA,102,178,NA,NA,NA,178,0,NA,NA,NA,0,0,NA,NA,NA,0,65,NA,NA,NA,65,105,NA,NA,NA,105,98,NA,NA,NA,98,195,NA,NA,NA,195,23,NA,NA,NA,23,10,NA,NA,NA,10,22,NA,NA,NA,22,25,NA,NA,NA,25,69,NA,NA,NA,69,269,NA,NA,NA,269,"bradlto01",0,"Tony Bradley"
"137","XAVIER","XAVIER",NA,NA,NA,29,30,NA,NA,59,896,NA,NA,NA,896,148,132,NA,NA,280,265,244,NA,NA,509,0,0,NA,NA,0,1,0,NA,NA,1,107,125,NA,NA,232,148,171,NA,NA,319,NA,NA,NA,NA,NA,214,246,NA,NA,460,74,72,NA,NA,146,44,41,NA,NA,85,10,12,NA,NA,22,95,NA,NA,NA,95,96,NA,NA,NA,96,403,389,NA,NA,792,"braggto01",0.3,"Torraye Braggs"
"138","ARIZONA","ARIZONA","ARIZONA","ARIZONA",NA,30,33,35,29,127,251,788,NA,909,1948,24,108,143,160,435,47,204,278,299,828,0,0,0,0,0,0,1,0,1,2,10,50,77,91,228,28,95,135,158,416,NA,NA,NA,NA,NA,56,229,259,273,817,19,19,39,36,113,8,25,30,24,87,9,22,36,37,104,6,50,NA,57,113,37,105,NA,94,236,58,266,363,411,1098,"bramlaj01",-0.2,"A.J. Bramlett"
"139","DUKE","DUKE",NA,NA,NA,21,39,NA,NA,60,NA,1141,NA,NA,1141,100,255,NA,NA,355,169,411,NA,NA,580,0,0,NA,NA,0,0,0,NA,NA,0,81,181,NA,NA,262,134,256,NA,NA,390,NA,NA,NA,NA,NA,154,382,NA,NA,536,10,41,NA,NA,51,32,49,NA,NA,81,27,86,NA,NA,113,NA,67,NA,NA,67,NA,97,NA,NA,97,281,691,NA,NA,972,"brandel01",109.6,"Elton Brand"
"140","OREGON","OREGON",NA,NA,NA,29,28,NA,NA,57,1067,1108,NA,NA,2175,190,273,NA,NA,463,401,556,NA,NA,957,41,40,NA,NA,81,94,119,NA,NA,213,97,159,NA,NA,256,129,187,NA,NA,316,NA,NA,NA,NA,NA,106,101,NA,NA,207,174,141,NA,NA,315,51,63,NA,NA,114,4,4,NA,NA,8,101,102,NA,NA,203,63,57,NA,NA,120,518,745,NA,NA,1263,"brandte01",65.9,"Terrell Brandon"
"141","FLORIDA","FLORIDA","FLORIDA",NA,NA,32,39,37,NA,108,791,1095,1053,NA,2939,87,171,169,NA,427,169,365,356,NA,890,17,42,40,NA,99,39,120,119,NA,278,50,110,112,NA,272,86,143,155,NA,384,NA,NA,NA,NA,NA,110,186,173,NA,469,63,128,109,NA,300,46,61,69,NA,176,13,16,15,NA,44,NA,NA,NA,NA,NA,NA,NA,NA,NA,NA,241,494,490,NA,1225,"breweco01",19.7,"Corey Brewer"
"142","AUBURN","AUBURN",NA,NA,NA,26,32,NA,NA,58,312,1035,NA,NA,1347,22,97,NA,NA,119,54,207,NA,NA,261,3,10,NA,NA,13,15,44,NA,NA,59,13,64,NA,NA,77,25,121,NA,NA,146,NA,NA,NA,NA,NA,43,230,NA,NA,273,49,187,NA,NA,236,15,48,NA,NA,63,1,2,NA,NA,3,33,92,NA,NA,125,25,49,NA,NA,74,60,268,NA,NA,328,"breweja01",0,"Jamison Brewer"
"143","ARKANSAS","ARKANSAS","ARKANSAS",NA,NA,28,30,32,NA,90,907,955,1112,NA,2974,125,171,197,NA,493,260,360,447,NA,1067,17,36,51,NA,104,64,91,151,NA,306,74,108,144,NA,326,129,165,192,NA,486,NA,NA,NA,NA,NA,153,145,154,NA,452,94,101,104,NA,299,57,76,83,NA,216,20,14,15,NA,49,NA,NA,NA,NA,NA,NA,NA,NA,NA,NA,341,486,589,NA,1416,"brewero02",30.4,"Ronnie Brewer"
"144","WASHINGTON","WASHINGTON","WASHINGTON","WASHINGTON",NA,33,32,32,34,131,NA,NA,NA,NA,NA,116,175,237,190,718,224,318,442,361,1345,0,0,0,0,0,0,0,0,1,1,46,103,94,126,369,69,156,181,197,603,NA,NA,NA,NA,NA,215,307,370,391,1283,24,35,35,39,133,35,24,21,31,111,3,4,8,3,18,NA,NA,76,65,141,NA,NA,NA,NA,NA,278,453,568,506,1805,"brockjo01",3.7,"Jon Brockman"
"145","VIRGINIA","VIRGINIA","VIRGINIA","VIRGINIA",NA,28,37,34,37,136,626,1163,1105,1263,4157,63,150,158,230,601,159,363,374,503,1399,22,44,44,75,185,68,119,128,192,507,40,126,116,140,422,50,144,132,156,482,14,33,16,19,82,78,201,134,150,563,38,101,81,115,335,14,44,24,35,117,3,5,14,9,31,44,53,58,52,207,38,71,65,76,250,188,470,476,675,1809,"brogdma01",6.6,"Malcolm Brogdon"
"146","OREGON","OREGON","OREGON","OREGON",NA,21,27,32,35,115,541,893,1036,1289,3759,46,126,115,213,500,124,294,283,463,1164,28,52,45,80,205,76,140,134,198,548,26,94,71,115,306,33,110,88,136,367,NA,NA,NA,NA,NA,50,88,110,149,397,56,125,140,149,470,17,27,35,48,127,1,4,5,6,16,NA,NA,NA,NA,NA,NA,NA,NA,NA,NA,146,398,346,621,1511,"brookaa01",19.3,"Aaron Brooks"
"147","OREGON","OREGON","OREGON",NA,NA,36,38,35,NA,109,1020,1247,886,NA,3153,150,231,206,NA,587,329,492,422,NA,1243,28,48,57,NA,133,83,142,142,NA,367,85,125,95,NA,305,103,155,126,NA,384,62,77,35,NA,174,176,206,113,NA,495,65,119,95,NA,279,18,40,38,NA,96,20,15,16,NA,51,73,89,72,NA,234,111,112,97,NA,320,413,635,564,NA,1612,"brookdi01",1,"Dillon Brooks"
"148","ULALA","ULALA","ULALA","ULALA",NA,27,29,29,31,116,998,1097,1117,1121,4333,179,218,225,261,883,317,418,451,507,1693,12,36,40,59,147,34,94,99,132,359,83,128,93,77,381,109,170,114,99,492,NA,NA,NA,NA,NA,170,158,204,187,719,42,48,61,22,173,18,16,14,24,72,6,8,18,12,44,52,91,53,74,270,56,62,51,48,217,453,600,583,658,2294,"brookke01",-0.1,"Kevin Brooks"
"149","PROVIDENCE","PROVIDENCE","PROVIDENCE","PROVIDENCE",NA,18,32,31,32,113,NA,NA,824,1168,1992,21,122,168,276,587,55,279,360,571,1265,5,40,46,67,158,19,128,131,197,475,15,54,59,169,297,21,79,83,219,402,NA,NA,55,72,127,17,115,129,225,486,7,44,44,80,175,6,34,41,48,129,3,23,16,39,81,13,44,52,98,207,NA,NA,72,80,152,62,338,441,788,1629,"brookma01",2.5,"MarShon Brooks"
"151","NCSTATE","NCSTATE","NCSTATE","NCSTATE",NA,31,34,32,31,128,310,629,1024,1051,3014,38,81,226,210,555,80,138,395,383,996,NA,0,1,6,7,NA,1,6,21,28,21,61,77,81,240,34,80,121,125,360,NA,NA,NA,NA,NA,67,145,193,274,679,13,12,27,42,94,8,9,18,27,62,6,6,22,29,63,13,32,47,54,146,30,49,68,62,209,97,223,530,507,1357,"brownch01",19,"Chucky Brown"
"152","SYRACUSE","SYRACUSE","SYRACUSE","SYRACUSE",NA,15,33,31,34,113,NA,815,807,1242,2864,10,128,137,215,490,24,256,268,437,985,1,13,2,4,20,6,57,12,14,89,5,45,55,125,230,10,60,82,158,310,NA,NA,NA,NA,NA,13,180,190,300,683,1,42,42,56,141,1,28,31,58,118,6,23,19,48,96,NA,42,46,69,157,NA,97,86,92,275,26,314,331,559,1230,"brownda02",-0.7,"Damone Brown"
"153","JACKSONVIL","JACKSONVIL","JACKSONVIL","JACKSONVIL",NA,21,28,30,29,108,186,764,1133,1052,3135,28,108,219,231,586,65,239,447,466,1217,2,12,43,30,87,12,45,101,80,238,13,54,108,69,244,22,66,131,101,320,NA,NA,NA,NA,NA,28,125,228,192,573,17,56,112,151,336,11,46,56,88,201,0,5,12,16,33,10,67,88,82,247,11,74,71,77,233,71,282,589,561,1503,"brownde01",33.4,"Dee Brown"
"154","ILLINOIS","ILLINOIS","ILLINOIS","ILLINOIS",NA,32,33,39,33,137,1090,1153,1272,1183,4698,142,160,179,157,638,327,389,359,437,1512,51,71,99,78,299,155,205,228,243,831,49,49,61,78,237,72,73,79,103,327,NA,NA,NA,NA,NA,119,123,104,102,448,159,147,177,191,674,57,51,70,53,231,0,3,3,1,7,NA,NA,NA,NA,NA,NA,NA,NA,NA,NA,384,440,518,470,1812,"brownde03",0.1,"Dee Brown"
"155","XAVIER","XAVIER","XAVIER",NA,NA,34,37,35,NA,106,NA,NA,NA,NA,NA,77,148,170,NA,395,109,243,337,NA,689,4,11,39,NA,54,8,32,90,NA,130,56,96,100,NA,252,80,136,135,NA,351,NA,NA,NA,NA,NA,141,242,212,NA,595,27,63,68,NA,158,17,33,25,NA,75,21,30,30,NA,81,NA,70,61,NA,131,NA,NA,NA,NA,NA,214,403,479,NA,1096,"brownde04",4.5,"Derrick Brown"
"156","INDIANHICC",NA,NA,NA,NA,33,NA,NA,NA,33,NA,NA,NA,NA,NA,168,NA,NA,NA,168,276,NA,NA,NA,276,0,NA,NA,NA,0,0,NA,NA,NA,0,59,NA,NA,NA,59,113,NA,NA,NA,113,NA,NA,NA,NA,NA,227,NA,NA,NA,227,21,NA,NA,NA,21,NA,NA,NA,NA,NA,NA,NA,NA,NA,NA,NA,NA,NA,NA,NA,NA,NA,NA,NA,NA,395,NA,NA,NA,395,"browner01",-0.2,"Ernest Brown"
"157","CALIFORNIA",NA,NA,NA,NA,34,NA,NA,NA,34,939,NA,NA,NA,939,163,NA,NA,NA,163,378,NA,NA,NA,378,30,NA,NA,NA,30,102,NA,NA,NA,102,142,NA,NA,NA,142,217,NA,NA,NA,217,36,NA,NA,NA,36,182,NA,NA,NA,182,68,NA,NA,NA,68,27,NA,NA,NA,27,22,NA,NA,NA,22,105,NA,NA,NA,105,108,NA,NA,NA,108,498,NA,NA,NA,498,"brownja02",4.3,"Jaylen Brown"
"158","OKALWALTCC","OKALWALTCC",NA,NA,NA,30,32,NA,NA,62,NA,NA,NA,NA,NA,187,266,NA,NA,453,332,504,NA,NA,836,38,76,NA,NA,114,106,188,NA,NA,294,87,124,NA,NA,211,110,169,NA,NA,279,NA,NA,NA,NA,NA,317,280,NA,NA,597,111,97,NA,NA,208,NA,NA,NA,NA,NA,NA,NA,NA,NA,NA,NA,NA,NA,NA,NA,NA,NA,NA,NA,NA,499,732,NA,NA,1231,"brownke01",3,"Kedrick Brown"
"159","NCSTATE","NCSTATE","NCSTATE",NA,NA,31,37,33,NA,101,892,1268,1129,NA,3289,105,165,140,NA,410,254,367,334,NA,955,17,27,20,NA,64,57,77,76,NA,210,62,113,108,NA,283,87,155,140,NA,382,24,28,22,NA,74,114,168,143,NA,425,116,234,239,NA,589,40,67,65,NA,172,11,20,19,NA,50,72,118,114,NA,304,67,58,65,NA,190,289,470,408,NA,1167,"brownlo01",-0.1,"Lorenzo Brown"
"160","MURRAYST","MURRAYST","MURRAYST","MURRAYST",NA,30,29,30,29,118,591,747,973,1080,3391,81,182,219,254,736,166,362,429,536,1493,18,37,44,74,173,50,121,119,175,465,86,125,189,185,585,109,149,211,220,689,NA,NA,NA,NA,NA,84,111,147,139,481,33,79,63,119,294,34,57,76,65,232,7,10,9,8,34,57,40,58,102,257,85,86,69,82,322,266,526,671,767,2230,"brownma01",0.3,"Marcus Brown"
"161","OKSTATE","OKSTATE","OKSTATE","OKSTATE",NA,34,33,33,34,134,735,1026,1126,1201,4088,76,116,169,190,551,193,272,388,402,1255,16,23,52,55,146,61,72,143,145,421,51,93,114,149,407,84,127,150,194,555,21,31,16,36,104,86,168,146,179,579,49,80,80,99,308,28,41,33,34,136,33,19,26,35,113,51,76,57,55,239,50,79,70,86,285,219,348,504,584,1655,"brownma02",1.1,"Markel Brown"
"162","SLIPROCK","SLIPROCK","SLIPROCK","SLIPROCK",NA,28,28,29,31,116,874,867,1016,1128,3885,196,192,246,253,887,395,395,522,533,1845,35,53,50,69,207,96,126,127,189,538,89,131,167,251,638,110,159,197,306,772,NA,NA,NA,NA,NA,150,189,189,232,760,55,57,88,99,299,44,48,48,41,181,11,14,6,13,44,0,0,100,123,223,0,0,69,78,147,516,568,709,826,2619,"brownmy01",0,"Myron Brown"
"163","LATECH","LATECH","LATECH","LATECH",NA,32,27,31,31,121,569,672,936,931,3108,61,94,170,151,476,147,204,315,309,975,2,3,7,9,21,3,5,20,25,53,25,48,98,84,255,44,81,150,115,390,NA,NA,NA,NA,NA,178,230,301,308,1017,36,29,58,53,176,14,21,37,29,101,50,39,77,75,241,42,50,55,74,221,87,80,90,97,354,149,239,445,395,1228,"brownpj01",89.8,"P.J. Brown"
"164","HOUSTON","HOUSTON","NMSTATE","NMSTATE",NA,28,29,31,29,117,578,998,907,917,3400,42,64,131,110,347,83,142,294,276,795,0,0,16,10,26,2,4,42,36,84,21,75,131,121,348,36,100,184,175,495,NA,NA,NA,NA,NA,75,83,106,116,380,81,162,109,187,539,32,77,91,71,271,2,8,14,6,30,61,100,100,103,364,58,91,97,85,331,105,203,409,351,1068,"brownra02",11,"Randy Brown"
"165","MICHIGANST","MICHIGANST","MICHIGANST",NA,NA,30,33,34,NA,97,687,829,1196,NA,2712,88,126,202,NA,416,195,282,433,NA,910,15,31,64,NA,110,44,94,164,NA,302,46,78,117,NA,241,57,92,141,NA,290,NA,NA,NA,NA,NA,75,104,150,NA,329,38,57,93,NA,188,33,41,50,NA,124,1,5,5,NA,11,NA,NA,NA,NA,NA,NA,NA,NA,NA,NA,237,361,585,NA,1183,"brownsh01",9.2,"Shannon Brown"
"166","SMETHODIST","SMETHODIST","SMETHODIST","SMETHODIST",NA,37,34,30,35,136,719,814,816,1143,3492,60,64,109,161,394,128,122,181,351,782,17,20,30,61,128,47,45,56,136,284,24,29,54,87,194,42,37,63,110,252,45,51,39,55,190,139,155,132,227,653,40,70,79,105,294,27,29,33,50,139,11,8,13,19,51,43,31,67,69,210,60,63,90,91,304,161,177,302,470,1110,"brownst02",0.2,"Sterling Brown"
"167","DEPAUL","DEPAUL","DEPAUL","DEPAUL",NA,18,31,30,33,112,172,662,916,1052,2802,20,111,194,286,611,43,195,295,441,974,NA,NA,NA,NA,NA,NA,NA,NA,NA,NA,5,26,52,70,153,17,51,100,144,312,NA,NA,NA,NA,NA,36,203,260,336,835,NA,NA,NA,NA,NA,8,39,53,67,167,7,19,45,47,118,9,30,44,66,149,19,77,94,104,294,45,248,440,642,1375,"brundst01",0.2,"Stanley Brundy"
"168","INDIANA","INDIANA",NA,NA,NA,35,34,NA,NA,69,791,954,NA,NA,1745,157,148,NA,NA,305,230,285,NA,NA,515,5,23,NA,NA,28,15,60,NA,NA,75,96,108,NA,NA,204,136,148,NA,NA,284,70,76,NA,NA,146,202,226,NA,NA,428,34,50,NA,NA,84,17,26,NA,NA,43,32,52,NA,NA,84,58,78,NA,NA,136,99,104,NA,NA,203,415,427,NA,NA,842,"bryanth01",0,"Thomas Bryant"
"169","CLEMSON","CLEMSON","CLEMSON","CLEMSON",NA,28,29,33,32,122,911,950,1071,NA,2932,141,144,190,204,679,268,305,393,380,1346,13,1,17,19,50,44,25,54,58,181,41,92,119,94,346,80,137,168,135,520,NA,NA,NA,NA,NA,165,147,150,130,592,58,48,63,83,252,63,30,35,51,179,12,8,10,10,40,38,38,63,NA,139,69,64,86,NA,219,336,381,516,521,1754,"buckngr01",20.9,"Greg Buckner"
"170","ARIZONA","ARIZONA","ARIZONA",NA,NA,31,34,35,NA,100,NA,NA,NA,NA,NA,176,204,219,NA,599,363,457,456,NA,1276,50,73,67,NA,190,136,192,168,NA,496,82,102,125,NA,309,97,142,156,NA,395,NA,NA,NA,NA,NA,179,184,217,NA,580,62,99,118,NA,279,37,38,50,NA,125,13,6,16,NA,35,NA,80,85,NA,165,NA,NA,NA,NA,NA,484,583,630,NA,1697,"budinch01",13.9,"Chase Budinger"
"171","ARIZONA","ARIZONA","ARIZONA","ARIZONA",NA,30,36,33,32,131,474,422,962,1072,2930,54,64,139,182,439,111,124,229,338,802,10,4,1,25,40,25,9,5,66,105,16,38,84,88,226,28,58,103,115,304,NA,NA,NA,NA,NA,68,87,219,264,638,35,41,51,128,255,10,15,51,40,116,3,8,12,12,35,27,35,47,87,196,34,41,85,67,227,134,170,363,477,1144,"buechju01",16.5,"Jud Buechler"
"172","CREIGHTON","CREIGHTON","CREIGHTON","CREIGHTON",NA,29,30,28,31,118,752,947,NA,1011,2710,158,225,189,206,778,342,512,446,439,1739,46,58,53,55,212,118,153,162,125,558,59,81,99,109,348,81,110,138,133,462,NA,NA,NA,NA,NA,122,168,204,222,716,41,48,58,68,215,49,44,43,59,195,24,18,9,8,59,49,63,NA,72,184,48,60,NA,56,164,421,589,530,576,2116,"buforro01",2.9,"Rodney Buford"
"173","UNC","UNC","UNC",NA,NA,27,38,35,NA,100,392,965,1100,NA,2457,62,124,172,NA,358,169,290,356,NA,815,29,71,88,NA,188,98,186,202,NA,486,13,16,56,NA,85,23,22,73,NA,118,22,63,71,NA,156,76,193,226,NA,495,16,52,101,NA,169,18,25,44,NA,87,3,8,10,NA,21,13,38,43,NA,94,25,46,50,NA,121,166,335,488,NA,989,"bullore01",4.2,"Reggie Bullock"
"174","MICHIGAN","MICHIGAN",NA,NA,NA,34,39,NA,NA,73,1227,1378,NA,NA,2605,177,259,NA,NA,436,409,560,NA,NA,969,57,76,NA,NA,133,164,198,NA,NA,362,93,133,NA,NA,226,125,166,NA,NA,291,22,21,NA,NA,43,118,124,NA,NA,242,156,260,NA,NA,416,31,62,NA,NA,93,13,20,NA,NA,33,94,86,NA,NA,180,53,73,NA,NA,126,504,727,NA,NA,1231,"burketr01",6,"Trey Burke"
"175","COLORADO","COLORADO",NA,NA,NA,30,38,NA,NA,68,907,1193,NA,NA,2100,172,251,NA,NA,423,320,535,NA,NA,855,19,28,NA,NA,47,54,96,NA,NA,150,149,249,NA,NA,398,193,302,NA,NA,495,58,91,NA,NA,149,150,247,NA,NA,397,53,112,NA,NA,165,35,41,NA,NA,76,12,12,NA,NA,24,58,99,NA,NA,157,74,89,NA,NA,163,512,779,NA,NA,1291,"burksal01",10.9,"Alec Burks"
"176","MEMPHIS","MEMPHIS","MEMPHIS",NA,NA,36,25,30,NA,91,1086,670,1030,NA,2786,117,98,176,NA,391,258,205,371,NA,834,4,2,57,NA,63,12,7,138,NA,157,66,45,72,NA,183,95,63,114,NA,272,NA,NA,NA,NA,NA,86,51,96,NA,233,182,140,165,NA,487,72,34,71,NA,177,4,4,7,NA,15,NA,NA,NA,NA,NA,NA,NA,NA,NA,NA,304,243,481,NA,1028,"burksan01",0.1,"Antonio Burks"
"177","MARYLAND","MARYLAND","MARYLAND","MARYLAND",NA,28,28,29,28,113,240,483,905,920,2548,57,87,190,211,545,105,202,368,417,1092,1,0,NA,0,1,1,2,NA,1,4,5,42,81,96,224,22,74,126,143,365,NA,NA,NA,NA,NA,75,104,206,249,634,7,17,36,41,101,7,26,34,47,114,5,13,24,22,64,18,29,52,71,170,27,67,99,95,288,120,216,461,518,1315,"burnsev01",0.1,"Evers Burns"
"178","UCONN","UCONN","UCONN","UCONN",NA,32,31,30,26,119,826,1075,1059,861,3821,88,136,175,145,544,228,309,386,353,1276,20,37,61,50,168,64,108,154,145,471,66,84,77,79,306,106,142,126,104,478,NA,NA,NA,NA,NA,177,234,183,156,750,57,95,87,54,293,60,112,75,63,310,30,40,31,28,129,43,80,95,63,281,103,106,96,76,381,262,393,488,419,1562,"burresc01",16.4,"Scott Burrell"
"179","VIRGINIA","VIRGINIA","VIRGINIA","VIRGINIA",NA,33,31,31,34,129,996,887,977,1079,3939,166,178,179,236,759,372,406,442,471,1691,0,0,12,1,13,1,4,37,4,46,105,97,95,142,439,151,152,149,200,652,NA,NA,NA,NA,NA,192,224,218,295,929,8,20,28,55,111,18,33,28,32,111,15,27,28,26,96,59,71,75,74,279,82,86,88,83,339,437,453,465,615,1970,"burroju01",-0.2,"Junior Burrough"
"180","MINNESOTA","MINNESOTA","MINNESOTA","MINNESOTA",NA,28,28,30,32,118,674,751,922,1001,3348,96,142,198,210,646,211,275,374,405,1265,3,3,24,52,82,11,10,60,136,217,48,97,137,144,426,74,136,172,187,569,NA,NA,NA,NA,NA,118,158,224,205,705,30,57,61,58,206,12,18,36,37,103,19,18,17,25,79,55,66,74,87,282,87,86,91,91,355,243,384,557,616,1800,"burtowi01",9.1,"Willie Burton"
"181","UCONN","UCONN",NA,NA,NA,29,34,NA,NA,63,950,1223,NA,NA,2173,151,253,NA,NA,404,347,521,NA,NA,868,14,30,NA,NA,44,46,75,NA,NA,121,129,155,NA,NA,284,171,199,NA,NA,370,NA,NA,NA,NA,NA,221,256,NA,NA,477,89,101,NA,NA,190,63,71,NA,NA,134,9,13,NA,NA,22,70,98,NA,NA,168,76,75,NA,NA,151,445,691,NA,NA,1136,"butleca01",50.9,"Caron Butler"
"182","MARQUETTE","MARQUETTE","MARQUETTE",NA,NA,35,34,37,NA,106,NA,1165,1282,NA,2447,55,148,187,NA,390,107,279,382,NA,768,0,16,20,NA,36,4,32,58,NA,94,86,187,188,NA,461,112,244,240,NA,596,NA,82,90,NA,172,138,216,225,NA,579,26,68,86,NA,180,17,45,53,NA,115,16,21,13,NA,50,17,39,54,NA,110,NA,68,49,NA,117,196,499,582,NA,1277,"butleji01",56.3,"Jimmy Butler"
"183","LASALLE","LASALLE","LASALLE","LASALLE",NA,21,28,29,32,110,773,1072,1114,1252,4211,105,183,231,233,752,276,450,574,537,1837,45,83,97,57,282,137,218,272,158,785,43,67,82,147,339,58,82,97,172,409,NA,NA,NA,NA,NA,83,148,136,283,650,31,45,57,44,177,7,26,34,41,108,23,34,20,43,120,34,81,93,84,292,49,50,67,55,221,298,516,641,670,2125,"butlera01",20.8,"Rasual Butler"
"184","VIRGINIA","VIRGINIA","VANDY","VANDY",NA,31,31,30,34,126,NA,NA,NA,NA,NA,74,85,131,206,496,167,182,271,451,1071,31,25,63,79,198,82,62,143,212,499,23,37,48,86,194,36,54,67,121,278,NA,NA,NA,NA,NA,89,105,107,165,466,26,37,96,116,275,23,19,29,48,119,5,6,7,4,22,NA,NA,NA,NA,NA,NA,NA,NA,NA,NA,202,232,373,577,1384,"byarsde01",0.1,"Derrick Byars"
"185","ALABAMA","ALABAMA","ALABAMA","ALABAMA",NA,30,29,29,31,119,331,847,784,933,2895,31,169,140,148,488,73,326,269,291,959,0,3,1,0,4,1,11,2,4,18,10,80,90,79,259,30,130,143,145,448,NA,NA,NA,NA,NA,67,252,183,249,751,10,39,20,51,120,4,27,18,18,67,13,20,18,16,67,33,92,73,85,283,52,85,75,78,290,72,421,371,375,1239,"caffeja01",13.5,"Jason Caffey"
"186","FLORIDA","FLORIDA",NA,NA,NA,36,36,NA,NA,72,NA,NA,NA,NA,NA,175,205,NA,NA,380,411,425,NA,NA,836,58,73,NA,NA,131,158,187,NA,NA,345,144,135,NA,NA,279,199,191,NA,NA,390,NA,NA,NA,NA,NA,187,192,NA,NA,379,221,231,NA,NA,452,58,68,NA,NA,126,3,6,NA,NA,9,104,119,NA,NA,223,NA,NA,NA,NA,NA,552,618,NA,NA,1170,"calatni01",2.6,"Nick Calathes"
"187","GEORGIA","GEORGIA",NA,NA,NA,32,32,NA,NA,64,1028,1086,NA,NA,2114,152,186,NA,NA,338,384,430,NA,NA,814,65,84,NA,NA,149,214,225,NA,NA,439,53,135,NA,NA,188,81,169,NA,NA,250,45,37,NA,NA,82,166,226,NA,NA,392,38,58,NA,NA,96,58,65,NA,NA,123,11,17,NA,NA,28,36,64,NA,NA,100,69,70,NA,NA,139,422,591,NA,NA,1013,"caldwke01",16.8,"Kentavious Caldwell-Pope"
"188","UMASS","UMASS","UMASS",NA,NA,29,30,33,NA,92,634,679,1011,NA,2324,117,166,256,NA,539,237,302,537,NA,1076,0,1,0,NA,1,4,1,8,NA,13,62,83,163,NA,308,104,129,233,NA,466,NA,NA,NA,NA,NA,185,186,271,NA,642,36,37,58,NA,131,18,24,32,NA,74,105,103,128,NA,336,50,54,83,NA,187,101,74,87,NA,262,296,416,675,NA,1387,"cambyma01",81.6,"Marcus Camby"
"189","CLEMSON","CLEMSON","CLEMSON","CLEMSON",NA,31,28,29,35,123,534,808,814,1038,3194,107,217,205,225,754,193,345,373,431,1342,NA,0,2,1,3,NA,4,5,1,10,59,91,95,124,369,84,147,138,207,576,NA,NA,NA,NA,NA,126,207,222,281,836,20,15,34,44,113,11,32,38,54,135,62,88,87,97,334,55,53,68,93,269,79,85,90,98,352,273,525,507,575,1880,"campbel01",62.8,"Elden Campbell"
"190","MURRAYST","MURRAYST","MURRAYST","MURRAYST",NA,36,32,33,31,132,733,900,1112,1131,3876,121,112,187,215,635,243,269,400,499,1411,54,58,98,94,304,112,144,215,254,725,77,93,154,152,476,99,125,184,185,593,12,15,27,19,73,81,61,114,110,366,56,76,120,133,385,31,34,45,47,157,1,3,2,4,10,60,64,89,98,311,69,58,56,58,241,373,375,626,676,2050,"canaais01",4.3,"Isaiah Canaan"
"191","LOUISVILLE","LOUISVILLE","UTEP",NA,NA,17,35,27,NA,79,NA,NA,720,NA,720,55,111,148,NA,314,96,201,261,NA,558,0,1,4,NA,5,0,1,15,NA,16,29,68,80,NA,177,55,108,119,NA,282,NA,NA,72,NA,72,64,158,218,NA,440,5,16,30,NA,51,5,22,26,NA,53,7,31,23,NA,61,NA,63,77,NA,140,NA,NA,82,NA,82,139,291,380,NA,810,"caracde01",0.3,"Derrick Caracter"
"192","PURDUE","PURDUE","PURDUE","PURDUE",NA,30,36,34,32,132,865,NA,960,943,2768,100,140,118,137,495,220,275,246,333,1074,21,30,37,42,130,63,70,99,124,356,98,122,114,130,464,139,155,147,169,610,NA,NA,NA,NA,NA,182,178,186,203,749,58,66,82,71,277,51,65,78,65,259,8,12,14,10,44,63,NA,66,74,203,105,NA,99,86,290,319,432,387,446,1584,"cardibr01",15.4,"Brian Cardinal"
"193","MEMPHIS","MEMPHIS","MEMPHIS","MEMPHIS",NA,30,28,38,37,133,759,753,1131,1027,3670,102,126,211,220,659,238,325,519,505,1587,47,62,76,102,287,130,167,234,261,792,43,50,109,94,296,67,73,141,132,413,NA,NA,NA,NA,NA,144,159,190,158,651,34,30,44,47,155,23,23,39,49,134,46,32,28,25,131,NA,NA,NA,NA,NA,NA,NA,NA,NA,NA,294,364,607,636,1901,"carnero01",6.2,"Rodney Carney"
"194","SILLINOIS","SILLINOIS","SILLINOIS",NA,NA,31,30,32,NA,93,353,946,1069,NA,2368,52,156,250,NA,458,88,301,521,NA,910,0,24,40,NA,64,4,74,101,NA,179,18,88,165,NA,271,33,109,214,NA,356,NA,NA,NA,NA,NA,110,197,232,NA,539,15,55,68,NA,138,9,32,50,NA,91,20,31,15,NA,66,23,60,102,NA,185,53,87,95,NA,235,122,424,705,NA,1251,"carrch01",3.9,"Chris Carr"
"195","TXTECH","TXTECH","TXTECH","TXTECH",NA,28,32,28,27,115,241,810,1050,NA,2101,40,168,213,209,630,98,382,499,494,1473,9,92,94,67,262,34,235,249,198,716,27,86,126,143,382,41,113,159,166,479,NA,NA,NA,NA,NA,29,123,128,131,411,24,49,82,69,224,6,19,25,30,80,2,4,4,8,18,28,40,98,NA,166,34,58,60,NA,152,116,514,646,628,1904,"carrco01",-1.2,"Cory Carr"
"196","VANDY","VANDY","MISSOURI","MISSOURI",NA,34,30,32,38,134,NA,NA,NA,NA,NA,56,135,162,246,599,112,264,302,441,1119,5,3,3,16,27,18,17,17,44,96,18,52,90,121,281,42,86,147,191,466,NA,NA,NA,NA,NA,129,191,213,273,806,25,61,42,82,210,20,37,36,59,152,2,11,21,25,59,NA,NA,48,56,104,NA,NA,NA,NA,NA,135,325,417,629,1506,"carrode01",24.2,"DeMarre Carroll"
"197","SYRACUSE","SYRACUSE",NA,NA,NA,26,40,NA,NA,66,269,1409,NA,NA,1678,25,155,NA,NA,180,58,394,NA,NA,452,7,35,NA,NA,42,18,119,NA,NA,137,13,129,NA,NA,142,23,186,NA,NA,209,9,51,NA,NA,60,38,199,NA,NA,237,54,291,NA,NA,345,20,109,NA,NA,129,7,20,NA,NA,27,16,138,NA,NA,154,25,92,NA,NA,117,70,474,NA,NA,544,"cartemi01",3.9,"Michael Carter-Williams"
"198","UNC","UNC","UNC",NA,NA,31,34,38,NA,103,555,937,NA,NA,1492,91,166,224,NA,481,185,316,379,NA,880,19,36,44,NA,99,55,107,107,NA,269,31,75,100,NA,206,45,100,147,NA,292,NA,NA,NA,NA,NA,119,152,195,NA,466,40,83,74,NA,197,20,49,45,NA,114,18,26,36,NA,80,36,47,NA,NA,83,57,72,NA,NA,129,232,443,592,NA,1267,"cartevi01",122.7,"Vince Carter"
"199","FLORIDAST","FLORIDAST",NA,NA,NA,31,35,NA,NA,66,1046,1298,NA,NA,2344,206,234,NA,NA,440,454,466,NA,NA,920,58,50,NA,NA,108,164,131,NA,NA,295,100,123,NA,NA,223,142,162,NA,NA,304,NA,NA,NA,NA,NA,141,152,NA,NA,293,119,170,NA,NA,289,56,97,NA,NA,153,8,10,NA,NA,18,92,98,NA,NA,190,108,110,NA,NA,218,570,641,NA,NA,1211,"cassesa01",87.5,"Sam Cassell"
"200","SALABAMA","IOWAST","IOWAST",NA,NA,24,27,28,NA,79,433,697,801,NA,1931,49,94,128,NA,271,123,187,234,NA,544,NA,NA,0,NA,0,NA,NA,1,NA,1,45,71,61,NA,177,79,111,113,NA,303,NA,NA,NA,NA,NA,138,209,235,NA,582,17,17,15,NA,49,16,25,26,NA,67,85,71,118,NA,274,32,48,48,NA,128,60,87,81,NA,228,143,259,317,NA,719,"catoke01",28.6,"Kelvin Cato"
"201","KENTUCKY","KENTUCKY","KENTUCKY",NA,NA,29,37,39,NA,105,683,880,1012,NA,2575,105,106,135,NA,346,169,178,236,NA,583,0,0,0,NA,0,0,0,0,NA,0,32,40,79,NA,151,86,83,128,NA,297,67,94,89,NA,250,179,225,251,NA,655,27,25,38,NA,90,24,44,47,NA,115,60,106,67,NA,233,48,31,48,NA,127,70,98,78,NA,246,242,252,349,NA,843,"caulewi01",8.9,"Willie Cauley-Stein"
"202","TEMPLE","TEMPLE","TEMPLE",NA,NA,33,30,12,NA,75,399,1081,416,NA,1896,27,128,52,NA,207,55,249,107,NA,411,NA,0,NA,NA,0,NA,1,NA,NA,1,13,84,31,NA,128,30,123,52,NA,205,NA,NA,NA,NA,NA,85,267,99,NA,451,3,19,9,NA,31,10,30,5,NA,45,31,124,48,NA,203,17,41,12,NA,70,78,92,32,NA,202,67,340,135,NA,542,"causwdu01",15.8,"Duane Causwell"
"203","CALSTFULL","CALSTFULL",NA,NA,NA,29,29,NA,NA,58,986,1071,NA,NA,2057,241,247,NA,NA,488,545,509,NA,NA,1054,16,31,NA,NA,47,58,96,NA,NA,154,117,144,NA,NA,261,174,215,NA,NA,389,NA,NA,NA,NA,NA,256,362,NA,NA,618,43,50,NA,NA,93,46,47,NA,NA,93,8,15,NA,NA,23,97,92,NA,NA,189,77,69,NA,NA,146,615,669,NA,NA,1284,"cebalce01",40.4,"Cedric Ceballos"
"204","VILLANOVA","VILLANOVA","VILLANOVA","VILLANOVA",NA,30,34,29,31,124,340,956,NA,1006,2302,35,97,136,151,419,93,255,329,347,1024,10,29,47,58,144,39,102,144,153,438,18,60,65,99,242,26,91,90,124,331,NA,NA,NA,NA,NA,36,90,120,96,342,44,121,148,137,450,14,52,48,41,155,5,6,10,8,29,26,106,NA,92,224,46,77,NA,69,192,98,283,384,459,1224,"celesjo01",-0.1,"John Celestand"
"205","XAVIER","XAVIER","XAVIER","XAVIER",NA,29,32,25,37,123,735,1090,779,1293,3897,85,125,98,204,512,233,297,221,454,1205,38,47,49,101,235,126,134,125,247,632,51,87,54,105,297,76,121,70,148,415,NA,NA,NA,NA,NA,63,109,67,122,361,55,134,99,117,405,39,47,28,40,154,2,3,1,1,7,NA,NA,NA,NA,NA,NA,NA,NA,NA,NA,259,384,299,614,1556,"chalmli01",-0.2,"Lionel Chalmers"
"206","KANSAS","KANSAS","KANSAS",NA,NA,33,38,39,NA,110,859,1108,1170,NA,3137,121,159,164,NA,444,272,324,318,NA,914,48,59,73,NA,180,128,146,156,NA,430,89,87,97,NA,273,113,113,130,NA,356,NA,NA,NA,NA,NA,74,115,120,NA,309,127,124,169,NA,420,89,97,97,NA,283,5,16,23,NA,44,NA,NA,75,NA,75,NA,NA,NA,NA,NA,379,464,498,NA,1341,"chalmma01",32.1,"Mario Chalmers"
"207","DEPAUL","DEPAUL",NA,NA,NA,25,34,NA,NA,59,756,1078,NA,NA,1834,105,194,NA,NA,299,241,431,NA,NA,672,8,39,NA,NA,47,38,117,NA,NA,155,46,70,NA,NA,116,69,107,NA,NA,176,NA,NA,NA,NA,NA,181,235,NA,NA,416,24,48,NA,NA,72,19,22,NA,NA,41,39,47,NA,NA,86,NA,NA,NA,NA,NA,NA,NA,NA,NA,NA,264,497,NA,NA,761,"chandwi01",25,"Wilson Chandler"
"208","INDIANA","INDIANA","INDIANA","INDIANA",NA,29,34,34,35,132,928,1029,991,1181,4129,199,289,227,303,1018,348,485,435,552,1820,25,43,33,47,148,51,91,86,110,338,72,113,112,132,429,96,141,140,166,543,NA,NA,NA,NA,NA,133,188,166,223,710,48,47,48,84,227,24,24,36,33,117,16,13,6,10,45,51,77,64,85,277,78,97,84,76,335,495,734,599,785,2613,"cheanca01",23.1,"Calbert Cheaney"
"209","UNC","UNC","UNC","UNC",NA,34,37,34,35,140,573,750,917,937,3177,66,110,132,175,483,117,205,257,325,904,0,3,12,5,20,1,8,30,19,58,36,33,30,65,164,51,53,42,85,231,NA,NA,NA,NA,NA,110,200,225,231,766,43,51,47,47,188,10,23,41,41,115,10,8,30,35,83,41,56,69,60,226,32,31,54,38,155,168,256,306,420,1150,"chilcpe01",10.6,"Pete Chilcutt"
"210","STANFORD","STANFORD","STANFORD",NA,NA,30,33,23,NA,86,645,1128,685,NA,2458,94,168,124,NA,386,234,393,254,NA,881,22,48,34,NA,104,80,144,86,NA,310,25,82,78,NA,185,36,114,95,NA,245,NA,NA,NA,NA,NA,144,266,173,NA,583,24,70,61,NA,155,18,39,20,NA,77,12,46,37,NA,95,NA,NA,NA,NA,NA,NA,NA,NA,NA,NA,235,466,360,NA,1061,"childjo01",25.7,"Josh Childress"
"211","WAKE","WAKE","WAKE","WAKE",NA,29,30,29,32,120,708,1030,1017,1216,3971,123,184,158,183,648,274,380,381,418,1453,64,96,75,94,329,166,217,204,245,832,95,128,176,184,583,123,158,223,221,725,NA,NA,NA,NA,NA,62,84,99,115,360,65,126,114,167,472,44,43,45,48,180,7,4,5,6,22,58,90,107,124,379,61,74,74,73,282,405,592,567,644,2208,"childra01",-0.2,"Randolph Childress"
"212","PEPPERDINE","PEPPERDINE","PEPPERDINE",NA,NA,28,28,31,NA,87,687,913,1058,NA,2658,84,188,211,NA,483,167,401,453,NA,1021,12,17,40,NA,69,47,65,120,NA,232,70,143,144,NA,357,98,187,193,NA,478,NA,NA,NA,NA,NA,115,145,183,NA,443,112,134,149,NA,395,44,62,62,NA,168,34,31,21,NA,86,100,113,119,NA,332,64,65,78,NA,207,250,536,606,NA,1392,"chrisdo01",55.7,"Doug Christie"
"213","WASHINGTON",NA,NA,NA,NA,34,NA,NA,NA,34,848,NA,NA,NA,848,179,NA,NA,NA,179,338,NA,NA,NA,338,21,NA,NA,NA,21,60,NA,NA,NA,60,88,NA,NA,NA,88,129,NA,NA,NA,129,85,NA,NA,NA,85,183,NA,NA,NA,183,26,NA,NA,NA,26,32,NA,NA,NA,32,55,NA,NA,NA,55,69,NA,NA,NA,69,138,NA,NA,NA,138,467,NA,NA,NA,467,"chrisma01",2.5,"Marquese Chriss"
"214","SYRACUSE","SYRACUSE","SYRACUSE","SYRACUSE",NA,37,40,34,31,142,425,834,803,1064,3126,43,87,76,203,409,75,164,124,368,731,0,0,0,0,0,0,0,0,1,1,16,31,45,136,228,28,54,62,191,335,40,72,71,97,280,108,184,172,282,746,7,9,23,47,86,11,21,16,29,77,30,73,66,78,247,23,35,26,78,162,63,100,107,105,375,102,205,197,542,1046,"chrisra01",0.5,"Rakeem Christmas"
"215","XAVIER","XAVIER",NA,NA,NA,30,34,NA,NA,64,1027,1200,NA,NA,2227,162,201,NA,NA,363,365,420,NA,NA,785,7,19,NA,NA,26,28,49,NA,NA,77,125,157,NA,NA,282,186,235,NA,NA,421,5,15,NA,NA,20,86,91,NA,NA,177,139,142,NA,NA,281,45,45,NA,NA,90,3,8,NA,NA,11,109,89,NA,NA,198,80,72,NA,NA,152,456,578,NA,NA,1034,"chrisse01",0.1,"Semaj Christon"
"216","LOUISVILLE","LOUISVILLE","LOUISVILLE",NA,NA,32,35,37,NA,104,NA,NA,NA,NA,NA,71,146,202,NA,419,148,307,442,NA,897,10,15,31,NA,56,27,66,95,NA,188,37,83,90,NA,210,62,127,139,NA,328,NA,NA,NA,NA,NA,121,285,322,NA,728,12,48,119,NA,179,21,34,38,NA,93,14,59,51,NA,124,NA,80,119,NA,199,NA,NA,NA,NA,NA,189,390,525,NA,1104,"clarkea01",2.9,"Earl Clark"
"217","TULSA","TULSA","MISSOURI",NA,NA,27,31,35,NA,93,672,1052,1228,NA,2952,97,167,209,NA,473,224,384,467,NA,1075,20,43,32,NA,95,66,115,114,NA,295,96,134,162,NA,392,121,171,195,NA,487,11,35,28,NA,74,56,120,134,NA,310,52,79,118,NA,249,20,29,38,NA,87,3,17,6,NA,26,78,83,93,NA,254,62,73,76,NA,211,310,511,612,NA,1433,"clarkjo01",6.9,"Jordan Clarkson"
"218","UNLV","UNLV",NA,NA,NA,29,10,NA,NA,39,816,NA,NA,NA,816,168,57,NA,NA,225,302,104,NA,NA,406,6,4,NA,NA,10,19,8,NA,NA,27,88,30,NA,NA,118,140,45,NA,NA,185,NA,NA,NA,NA,NA,289,86,NA,NA,375,32,19,NA,NA,51,23,2,NA,NA,25,112,26,NA,NA,138,74,NA,NA,NA,74,93,NA,NA,NA,93,430,148,NA,NA,578,"clarkke01",18.2,"Keon Clark"
"219","GEORGIA","GEORGIA","GEORGIA","GEORGIA",NA,29,29,30,28,116,644,637,728,769,2778,109,133,132,124,498,208,236,239,226,909,NA,NA,NA,3,3,NA,NA,NA,10,10,55,68,63,89,275,102,141,149,166,558,NA,NA,NA,NA,NA,190,192,236,222,840,51,12,18,21,102,8,18,14,26,66,48,47,58,94,247,51,52,57,57,217,68,85,94,88,335,273,334,327,340,1274,"claxtch01",0,"Charles Claxton"
"220","HOFSTRA","HOFSTRA","HOFSTRA","HOFSTRA",NA,27,31,30,31,119,916,NA,970,1089,2975,134,182,136,253,705,310,375,282,538,1505,6,2,6,51,65,38,11,19,134,202,132,138,121,149,540,187,189,151,195,722,NA,NA,NA,NA,NA,123,144,131,168,566,91,224,159,186,660,50,67,69,102,288,4,8,16,5,33,77,NA,86,101,264,85,NA,74,71,230,406,504,399,706,2015,"claxtsp01",14.2,"Speedy Claxton"
"221","MICHIGANST","MICHIGANST","MICHIGANST","MICHIGANST",NA,29,30,38,26,123,750,NA,1185,820,2755,111,161,159,109,540,277,403,392,259,1331,18,51,42,32,143,76,152,144,85,457,57,111,85,65,318,79,158,108,86,431,NA,NA,NA,NA,NA,73,75,62,46,256,146,217,274,179,816,17,73,69,36,195,4,6,2,4,16,117,NA,141,95,353,61,NA,76,57,194,297,484,445,315,1541,"cleavma01",-0.8,"Mateen Cleaves"
"222","SYRACUSE","SYRACUSE","SYRACUSE","SYRACUSE",NA,38,35,37,33,143,1163,1133,1226,1166,4688,173,176,227,194,770,309,300,395,352,1356,NA,1,0,15,16,NA,6,8,41,55,107,121,171,188,587,156,192,247,263,858,NA,NA,NA,NA,NA,333,384,422,398,1537,45,76,106,95,322,45,45,46,51,187,68,57,127,67,319,67,76,89,90,322,120,84,120,102,426,453,474,625,591,2143,"colemde01",64.3,"Derrick Coleman"
"223","CLEVST","CLEVST","CLEVST","CLEVST",NA,34,37,33,36,140,NA,NA,1127,1285,2412,54,187,185,251,677,142,413,428,572,1555,10,40,38,51,139,42,131,111,149,433,49,78,131,227,485,60,97,164,266,587,NA,NA,14,27,41,48,94,91,210,443,28,90,146,191,455,22,44,61,80,207,0,5,3,3,11,39,56,91,97,283,NA,NA,81,87,168,167,492,539,780,1978,"coleno01",3,"Norris Cole"
"224","VATECH","VATECH","VATECH","VATECH",NA,28,29,27,31,115,752,990,924,1147,3813,101,241,249,280,871,245,544,547,693,2029,0,20,62,67,149,14,62,166,218,460,78,200,157,158,593,109,270,200,214,793,NA,NA,NA,NA,NA,85,103,111,147,446,112,172,141,122,547,34,60,52,70,216,5,7,3,13,28,72,91,81,101,345,87,92,73,84,336,280,702,717,785,2484,"colesbi01",27.4,"Bimbo Coles"
"225","UCLA","UCLA","UCLA","UCLA",NA,39,34,33,35,141,NA,NA,NA,NA,NA,78,146,161,175,560,194,298,335,344,1171,19,50,53,41,163,58,108,101,104,371,40,92,102,113,347,51,114,117,126,408,NA,NA,NA,NA,NA,71,79,86,84,320,88,194,124,166,572,35,78,61,57,231,2,3,3,5,13,NA,NA,74,87,161,NA,NA,NA,NA,NA,215,434,477,504,1630,"collida01",40.2,"Darren Collison"
"227","FLORIDAST","FLORIDAST","FLORIDAST","FLORIDAST",NA,27,27,27,31,112,729,902,966,1081,3678,110,181,172,182,645,270,354,412,397,1433,39,72,69,75,255,120,164,199,203,686,39,53,81,75,248,57,76,120,112,365,NA,NA,NA,NA,NA,104,116,121,158,499,62,48,86,87,283,37,37,62,55,191,7,7,9,14,37,62,74,68,65,269,59,74,75,85,293,298,487,494,514,1793,"collija01",0,"James Collins"
"228","INDIANA","INDIANA","GATECH","GATECH",NA,33,9,25,30,97,778,NA,849,975,2602,112,36,153,178,479,258,64,347,376,1045,6,0,32,31,69,13,0,90,84,187,80,24,92,122,318,117,36,128,166,447,NA,NA,NA,NA,NA,188,47,182,276,693,24,9,36,49,118,16,6,15,23,60,34,9,34,33,110,72,NA,88,96,256,76,NA,87,80,243,310,96,430,509,1345,"collija02",1.9,"Jason Collier"
"229","STANFORD","STANFORD","STANFORD","STANFORD",NA,34,30,31,34,129,NA,516,850,963,2329,44,58,114,154,370,83,117,235,276,711,1,0,1,2,4,5,1,4,6,16,39,60,113,125,337,64,101,157,182,504,NA,NA,NA,NA,NA,119,157,201,229,706,18,53,53,47,171,17,16,19,21,73,16,9,24,19,68,NA,30,46,50,126,NA,70,76,86,232,128,176,342,435,1081,"collija03",15.7,"Jarron Collins"
"230","STANFORD","STANFORD","STANFORD","STANFORD",NA,1,7,31,34,73,NA,89,607,895,1591,1,9,84,168,262,4,18,135,271,428,0,0,0,12,12,0,0,1,26,27,5,11,88,145,249,7,23,133,185,348,NA,NA,NA,NA,NA,6,23,190,265,484,0,2,2,51,55,0,1,5,28,34,0,3,43,43,89,NA,5,50,53,108,NA,12,71,79,162,7,29,256,493,785,"collija04",20.1,"Jason Collins"
"231","WAKE","WAKE",NA,NA,NA,31,33,NA,NA,64,446,878,NA,NA,1324,81,234,NA,NA,315,148,376,NA,NA,524,0,0,NA,NA,0,0,1,NA,NA,1,65,164,NA,NA,229,94,220,NA,NA,314,52,124,NA,NA,176,122,324,NA,NA,446,7,17,NA,NA,24,9,21,NA,NA,30,23,52,NA,NA,75,31,60,NA,NA,91,82,98,NA,NA,180,227,632,NA,NA,859,"collijo01",3,"John Collins"
"232","TEMPLE","TEMPLE","TEMPLE","TEMPLE",NA,34,29,30,32,125,1205,1137,1129,1212,4683,153,171,192,202,718,414,454,462,468,1798,45,47,48,42,182,151,162,174,137,624,56,61,94,90,301,83,102,146,151,482,NA,NA,NA,NA,NA,99,143,177,150,569,87,75,109,127,398,65,51,85,89,290,8,4,11,6,29,NA,NA,NA,NA,NA,NA,NA,NA,NA,NA,407,450,526,536,1919,"collima01",-1.6,"Mardy Collins"
"233","KANSAS","KANSAS","KANSAS","KANSAS",NA,34,33,37,38,142,774,892,990,1232,3888,145,187,245,281,858,292,313,414,507,1526,5,2,3,13,23,13,5,8,38,64,62,85,84,127,358,92,136,146,200,574,NA,NA,NA,NA,NA,234,222,307,380,1143,38,71,64,84,257,36,36,39,44,155,32,54,83,74,243,NA,NA,NA,NA,NA,NA,NA,NA,NA,NA,357,461,577,702,2097,"collini01",44.5,"Nick Collison"
"234","GONZAGA",NA,NA,NA,NA,39,NA,NA,NA,39,673,NA,NA,NA,673,135,NA,NA,NA,135,207,NA,NA,NA,207,10,NA,NA,NA,10,21,NA,NA,NA,21,110,NA,NA,NA,110,148,NA,NA,NA,148,66,NA,NA,NA,66,230,NA,NA,NA,230,16,NA,NA,NA,16,18,NA,NA,NA,18,69,NA,NA,NA,69,60,NA,NA,NA,60,105,NA,NA,NA,105,390,NA,NA,NA,390,"colliza01",0.2,"Zach Collins"
"235","OHIOST",NA,NA,NA,NA,39,NA,NA,NA,39,1231,NA,NA,NA,1231,160,NA,NA,NA,160,309,NA,NA,NA,309,21,NA,NA,NA,21,69,NA,NA,NA,69,100,NA,NA,NA,100,144,NA,NA,NA,144,NA,NA,NA,NA,NA,134,NA,NA,NA,134,238,NA,NA,NA,238,87,NA,NA,NA,87,10,NA,NA,NA,10,NA,NA,NA,NA,NA,NA,NA,NA,NA,NA,441,NA,NA,NA,441,"conlemi01",63.5,"Mike Conley"
"236","NOTREDAME","NOTREDAME","NOTREDAME","NOTREDAME",NA,34,35,32,38,139,820,1123,1190,1351,4484,85,109,155,166,515,201,245,343,356,1145,41,58,76,93,268,120,154,201,220,695,28,34,55,50,167,37,48,66,64,215,33,25,38,41,137,150,164,227,282,823,30,75,95,57,257,17,16,33,27,93,5,12,18,36,71,25,31,35,44,135,46,54,57,75,232,239,310,441,475,1465,"connapa01",2.2,"Pat Connaughton"
"237","ARIZONA","ARIZONA","ARIZONA","ARIZONA",NA,32,30,38,33,133,833,969,1169,1066,4037,73,118,201,237,629,146,246,325,377,1094,NA,NA,0,NA,0,NA,NA,1,NA,1,48,54,126,104,332,73,100,176,166,515,NA,NA,NA,NA,NA,137,217,269,238,861,41,18,15,12,86,10,29,26,32,97,50,69,75,84,278,34,54,52,47,187,56,69,77,56,258,194,290,528,578,1590,"cookan01",1,"Anthony Cook"
"238","ILLINOIS","ILLINOIS","ILLINOIS","ILLINOIS",NA,32,35,35,30,132,595,846,1008,940,3389,112,147,174,202,635,213,269,342,422,1246,12,28,27,27,94,38,76,74,89,277,51,69,96,168,384,83,86,110,205,484,NA,NA,NA,NA,NA,143,212,233,227,815,24,43,44,60,171,22,21,29,20,92,28,45,50,13,136,40,66,77,83,266,76,118,112,88,394,287,391,471,599,1748,"cookbr01",10.2,"Brian Cook"
"239","OHIOST",NA,NA,NA,NA,39,NA,NA,NA,39,770,NA,NA,NA,770,141,NA,NA,NA,141,317,NA,NA,NA,317,54,NA,NA,NA,54,130,NA,NA,NA,130,46,NA,NA,NA,46,66,NA,NA,NA,66,NA,NA,NA,NA,NA,167,NA,NA,NA,167,40,NA,NA,NA,40,28,NA,NA,NA,28,10,NA,NA,NA,10,NA,NA,NA,NA,NA,NA,NA,NA,NA,NA,382,NA,NA,NA,382,"cookda02",4.9,"Daequan Cook"
"240","STJOHNS",NA,NA,NA,NA,29,NA,NA,NA,29,1107,NA,NA,NA,1107,141,NA,NA,NA,141,392,NA,NA,NA,392,68,NA,NA,NA,68,220,NA,NA,NA,220,95,NA,NA,NA,95,128,NA,NA,NA,128,NA,NA,NA,NA,NA,88,NA,NA,NA,88,252,NA,NA,NA,252,66,NA,NA,NA,66,5,NA,NA,NA,5,148,NA,NA,NA,148,82,NA,NA,NA,82,445,NA,NA,NA,445,"cookom01",-0.1,"Omar Cook"
"241","USC","USC","USC","USC",NA,27,32,29,30,118,180,535,889,1012,2616,10,48,74,119,251,32,114,164,240,550,1,14,39,60,114,9,41,92,141,283,10,20,19,67,116,15,43,30,104,192,NA,NA,NA,NA,NA,16,59,102,78,255,17,87,133,161,398,6,20,24,45,95,0,1,2,1,4,29,67,62,66,224,17,55,39,47,158,31,130,206,365,732,"coopedu01",-0.5,"Duane Cooper"
"242","NCSTATE","NCSTATE","NCSTATE","NCSTATE",NA,32,31,30,31,124,788,1015,1125,1169,4097,61,101,131,160,453,120,204,311,343,978,20,23,33,51,127,40,54,82,135,311,60,99,99,134,392,72,123,119,163,477,NA,NA,NA,NA,NA,44,78,63,78,263,235,266,238,299,1038,61,81,95,91,328,1,4,1,3,9,79,103,99,119,400,72,92,94,91,349,202,324,394,505,1425,"corchch01",1.6,"Chris Corchiani"
"243","LONGBEACH","LONGBEACH","LONGBEACH","LONGBEACH",NA,26,1,26,27,80,727,29,951,968,2675,98,3,153,196,450,209,10,353,446,1018,27,0,66,63,156,79,7,166,171,423,73,8,136,179,396,96,10,174,215,495,NA,NA,NA,NA,NA,109,1,106,134,350,59,3,43,24,129,28,1,34,36,99,13,0,5,9,27,63,3,61,60,187,78,3,67,69,217,296,14,508,634,1452,"cottoja02",0,"James Cotton"
"244","KENTUCKY",NA,NA,NA,NA,38,NA,NA,NA,38,893,NA,NA,NA,893,206,NA,NA,NA,206,369,NA,NA,NA,369,1,NA,NA,NA,1,6,NA,NA,NA,6,162,NA,NA,NA,162,268,NA,NA,NA,268,154,NA,NA,NA,154,374,NA,NA,NA,374,38,NA,NA,NA,38,37,NA,NA,NA,37,67,NA,NA,NA,67,78,NA,NA,NA,78,122,NA,NA,NA,122,575,NA,NA,NA,575,"couside01",41.2,"DeMarcus Cousins"
"246","CALIFORNIA","CALIFORNIA","CALIFORNIA",NA,NA,31,34,33,NA,98,1049,1158,1195,NA,3402,139,179,215,NA,533,312,415,468,NA,1195,62,83,64,NA,209,155,208,184,NA,547,74,75,113,NA,262,92,89,139,NA,320,20,32,33,NA,85,165,194,200,NA,559,61,71,87,NA,219,29,18,37,NA,84,14,20,23,NA,57,46,53,83,NA,182,48,48,69,NA,165,414,516,607,NA,1537,"crabbal01",11.4,"Allen Crabbe"
"247","MARQUETTE","MARQUETTE","MARQUETTE","MARQUETTE",NA,18,33,31,31,113,116,611,798,961,2486,9,72,118,165,364,25,163,280,352,820,6,17,29,33,85,13,45,84,86,228,9,43,83,100,235,13,67,116,130,326,NA,NA,NA,NA,NA,11,89,126,165,391,3,16,29,45,93,1,15,20,33,69,5,6,10,22,43,7,47,52,69,175,26,108,86,89,309,33,204,348,463,1048,"crawfch01",6.5,"Chris Crawford"
"248","MICHIGAN",NA,NA,NA,NA,17,NA,NA,NA,17,577,NA,NA,NA,577,105,NA,NA,NA,105,255,NA,NA,NA,255,33,NA,NA,NA,33,101,NA,NA,NA,101,40,NA,NA,NA,40,51,NA,NA,NA,51,NA,NA,NA,NA,NA,47,NA,NA,NA,47,76,NA,NA,NA,76,19,NA,NA,NA,19,16,NA,NA,NA,16,53,NA,NA,NA,53,19,NA,NA,NA,19,283,NA,NA,NA,283,"crawfja01",60.3,"Jamal Crawford"
"249","KENTUCKY","KENTUCKY","KENTUCKY","KENTUCKY",NA,31,32,34,30,127,347,760,1097,1009,3213,35,111,178,188,512,97,270,401,401,1169,13,47,63,63,186,49,130,180,173,532,15,56,58,99,228,26,78,91,130,325,NA,NA,NA,NA,NA,56,124,137,109,426,9,35,83,64,191,6,11,27,17,61,1,10,10,5,26,NA,NA,NA,83,83,NA,NA,NA,NA,NA,98,325,477,538,1438,"crawfjo01",0,"Joe Crawford"
"250","INDIANA","XAVIER",NA,NA,NA,30,35,NA,NA,65,NA,1147,NA,NA,1147,107,260,NA,NA,367,243,563,NA,NA,806,30,79,NA,NA,109,82,202,NA,NA,284,47,119,NA,NA,166,63,154,NA,NA,217,NA,34,NA,NA,34,101,166,NA,NA,267,69,101,NA,NA,170,28,47,NA,NA,75,6,7,NA,NA,13,58,85,NA,NA,143,NA,57,NA,NA,57,291,718,NA,NA,1009,"crawfjo02",6.2,"Jordan Crawford"
"251","GATECH",NA,NA,NA,NA,32,NA,NA,NA,32,1003,NA,NA,NA,1003,158,NA,NA,NA,158,351,NA,NA,NA,351,36,NA,NA,NA,36,101,NA,NA,NA,101,108,NA,NA,NA,108,138,NA,NA,NA,138,NA,NA,NA,NA,NA,119,NA,NA,NA,119,184,NA,NA,NA,184,65,NA,NA,NA,65,2,NA,NA,NA,2,NA,NA,NA,NA,NA,NA,NA,NA,NA,NA,460,NA,NA,NA,460,"crittja01",0.1,"Javaris Crittenton"
"252","PROVIDENCE","PROVIDENCE","PROVIDENCE","PROVIDENCE",NA,25,30,30,36,121,233,570,863,1192,2858,38,106,151,200,495,95,231,359,440,1125,10,29,47,61,147,31,85,141,175,432,29,66,109,182,386,40,85,128,205,458,NA,NA,NA,NA,NA,55,147,173,270,645,3,33,33,54,123,5,17,44,38,104,8,16,27,25,76,21,50,64,95,230,26,50,79,92,247,115,307,458,643,1523,"croshau01",27.6,"Austin Croshere"
"253","MARQUETTE","MARQUETTE",NA,NA,NA,37,35,NA,NA,72,1021,1153,NA,NA,2174,158,217,NA,NA,375,326,436,NA,NA,762,42,61,NA,NA,103,117,177,NA,NA,294,77,119,NA,NA,196,125,162,NA,NA,287,83,70,NA,NA,153,251,294,NA,NA,545,58,73,NA,NA,131,48,88,NA,NA,136,32,35,NA,NA,67,30,44,NA,NA,74,85,93,NA,NA,178,435,614,NA,NA,1049,"crowdja01",22.8,"Jae Crowder"
"254","PITT","PITT","PITT","PITT",NA,18,33,26,26,103,438,1129,NA,923,2490,39,189,173,153,554,117,414,406,372,1309,10,42,41,41,134,42,105,130,124,401,28,119,120,72,339,42,167,173,103,485,NA,NA,NA,NA,NA,62,137,107,106,412,52,140,154,112,458,15,85,66,69,235,6,6,12,11,35,36,129,NA,84,249,35,100,NA,76,211,116,539,507,419,1581,"cummivo01",2.2,"Vonteego Cummings"
"255","VILLANOVA","VILLANOVA","VILLANOVA","VILLANOVA",NA,33,33,35,38,139,NA,NA,NA,NA,NA,29,99,142,244,514,62,193,261,465,981,0,1,0,0,1,0,1,0,2,3,13,88,80,124,305,33,113,116,178,440,NA,NA,NA,NA,NA,132,177,226,284,819,25,24,37,47,133,27,42,46,47,162,19,20,31,47,117,NA,NA,80,82,162,NA,NA,NA,NA,NA,71,287,364,612,1334,"cunnida01",21.8,"Dante Cunningham"
"256","OREGONST","OREGONST","OREGONST",NA,NA,32,30,36,NA,98,611,877,1245,NA,2733,65,117,198,NA,380,127,268,440,NA,835,7,27,50,NA,84,21,75,148,NA,244,62,166,199,NA,427,83,213,270,NA,566,25,32,36,NA,93,64,92,138,NA,294,29,63,101,NA,193,43,85,91,NA,219,3,6,15,NA,24,75,74,102,NA,251,82,79,86,NA,247,199,427,645,NA,1271,"cunnija01",0.2,"Jared Cunningham"
"257","BOSTONCOLL","BOSTONCOLL","BOSTONCOLL","BOSTONCOLL",NA,30,31,31,34,126,873,1051,1052,1140,4116,141,187,181,233,742,260,324,312,418,1314,0,0,0,0,0,3,1,0,1,5,96,178,129,215,618,139,230,152,271,792,NA,NA,NA,NA,NA,206,250,235,305,996,38,29,37,54,158,36,26,32,27,121,6,25,29,28,88,77,88,69,74,308,103,115,93,96,407,378,552,491,681,2102,"curlebi01",1.6,"Bill Curley"
"258","OKSTATE","OKSTATE","OKSTATE",NA,NA,33,33,35,NA,101,NA,NA,NA,NA,NA,111,159,202,NA,472,234,400,447,NA,1081,45,64,88,NA,197,104,170,214,NA,488,44,63,115,NA,222,58,90,145,NA,293,NA,NA,NA,NA,NA,85,93,111,NA,289,93,132,131,NA,356,20,38,41,NA,99,7,6,11,NA,24,NA,NA,NA,NA,NA,NA,NA,NA,NA,NA,311,445,607,NA,1363,"curryja01",0,"JamesOn Curry"
"259","DAVIDSON","DAVIDSON","DAVIDSON",NA,NA,34,36,34,NA,104,NA,NA,NA,NA,NA,242,317,312,NA,871,523,656,687,NA,1866,122,162,130,NA,414,299,369,336,NA,1004,124,135,220,NA,479,145,151,251,NA,547,NA,NA,NA,NA,NA,157,165,151,NA,473,95,104,189,NA,388,62,73,86,NA,221,6,14,8,NA,28,NA,93,126,NA,219,NA,NA,NA,NA,NA,730,931,974,NA,2635,"curryst01",90.4,"Stephen Curry"
"260","SETONHALL","SETONHALL",NA,NA,NA,30,29,NA,NA,59,643,622,NA,NA,1265,75,100,NA,NA,175,149,177,NA,NA,326,0,0,NA,NA,0,0,0,NA,NA,0,29,40,NA,NA,69,56,72,NA,NA,128,NA,NA,NA,NA,NA,179,166,NA,NA,345,10,9,NA,NA,19,8,14,NA,NA,22,107,60,NA,NA,167,62,55,NA,NA,117,92,95,NA,NA,187,179,240,NA,NA,419,"dalemsa01",51.3,"Samuel Dalembert"
"261","MISSST","MISSST","MISSST",NA,NA,29,30,34,NA,93,678,853,1112,NA,2643,133,153,195,NA,481,226,239,354,NA,819,NA,NA,NA,NA,NA,NA,NA,NA,NA,NA,78,87,104,NA,269,159,146,170,NA,475,NA,NA,NA,NA,NA,251,291,317,NA,859,23,28,77,NA,128,17,25,16,NA,58,65,78,106,NA,249,70,80,93,NA,243,82,99,86,NA,267,344,393,494,NA,1231,"dampier01",52.7,"Erick Dampier"
"262","BOWLGREEN","BOWLGREEN","BOWLGREEN","BOWLGREEN",NA,28,26,25,32,111,864,753,922,1161,3700,132,97,142,279,650,258,196,297,510,1261,6,16,17,45,84,19,38,51,104,212,84,58,99,164,405,103,83,137,211,534,NA,NA,NA,NA,NA,81,73,77,90,321,110,100,147,216,573,28,18,46,73,165,5,4,11,10,30,67,74,70,103,314,38,32,46,51,167,354,268,400,767,1789,"daniean01",47,"Antonio Daniels"
"264","GEORGEWASH","GEORGEWASH",NA,NA,NA,30,28,NA,NA,58,831,838,NA,NA,1669,140,164,NA,NA,304,254,305,NA,NA,559,NA,NA,NA,NA,NA,NA,NA,NA,NA,NA,86,100,NA,NA,186,182,172,NA,NA,354,NA,NA,NA,NA,NA,308,284,NA,NA,592,3,15,NA,NA,18,17,20,NA,NA,37,84,56,NA,NA,140,61,74,NA,NA,135,93,86,NA,NA,179,366,428,NA,NA,794,"dareyi01",-0.7,"Yinka Dare"
"265","ALABAMA","ALABAMA","ALABAMA","ALABAMA",NA,33,32,31,30,126,766,829,1048,968,3611,67,90,168,149,474,142,156,352,366,1016,0,0,0,4,4,0,0,3,16,19,30,63,106,117,316,52,96,142,151,441,NA,NA,NA,NA,NA,143,252,276,247,918,15,30,38,44,127,8,11,26,23,68,46,47,58,70,221,NA,NA,NA,NA,NA,NA,NA,NA,NA,NA,164,243,442,419,1268,"davidje01",0,"Jermareo Davidson"
"266","UTEP","UTEP","UTEP","UTEP",NA,28,30,32,32,122,240,907,1014,991,3152,11,108,162,119,400,32,183,298,228,741,NA,NA,0,0,0,NA,NA,1,1,2,13,63,135,106,317,30,115,218,165,528,NA,NA,NA,NA,NA,51,195,255,243,744,4,20,14,21,59,6,19,12,17,54,8,36,24,36,104,11,56,52,55,174,25,82,74,90,271,35,279,459,344,1117,"davisan01",59.6,"Antonio Davis"
"267","KENTUCKY",NA,NA,NA,NA,40,NA,NA,NA,40,1281,NA,NA,NA,1281,210,NA,NA,NA,210,337,NA,NA,NA,337,3,NA,NA,NA,3,20,NA,NA,NA,20,144,NA,NA,NA,144,203,NA,NA,NA,203,119,NA,NA,NA,119,415,NA,NA,NA,415,50,NA,NA,NA,50,54,NA,NA,NA,54,186,NA,NA,NA,186,41,NA,NA,NA,41,78,NA,NA,NA,78,567,NA,NA,NA,567,"davisan02",55.9,"Anthony Davis"
"268","UCLA","UCLA",NA,NA,NA,32,27,NA,NA,59,NA,828,NA,NA,828,137,150,NA,NA,287,259,312,NA,NA,571,24,35,NA,NA,59,78,102,NA,NA,180,75,94,NA,NA,169,111,157,NA,NA,268,NA,NA,NA,NA,NA,129,97,NA,NA,226,161,97,NA,NA,258,77,68,NA,NA,145,12,10,NA,NA,22,NA,89,NA,NA,89,NA,94,NA,NA,94,373,429,NA,NA,802,"davisba01",63.1,"Baron Davis"
"269","KANSAS","ARIZONA","ARIZONA",NA,NA,32,21,33,NA,86,564,440,1039,NA,2043,82,85,171,NA,338,173,158,313,NA,644,NA,NA,NA,NA,NA,NA,NA,NA,NA,NA,48,38,127,NA,213,92,60,184,NA,336,NA,NA,NA,NA,NA,145,124,313,NA,582,15,8,23,NA,46,18,11,20,NA,49,7,5,21,NA,33,41,34,77,NA,152,89,53,91,NA,233,212,208,469,NA,889,"davisbe01",0.1,"Ben Davis"
"270","DUKE","DUKE","DUKE","DUKE",NA,29,37,39,36,141,245,531,903,1111,2790,20,62,104,140,326,52,130,228,291,701,NA,NA,1,8,9,NA,NA,5,39,44,27,61,89,114,291,53,95,122,154,424,NA,NA,NA,NA,NA,33,80,158,163,434,21,28,63,69,181,13,25,39,42,119,1,6,8,9,24,29,38,60,53,180,32,61,83,82,258,67,185,298,402,952,"davisbr02",0,"Brian Davis"
"271","CLEMSON","CLEMSON","CLEMSON","CLEMSON",NA,29,29,35,28,121,714,736,1077,971,3498,91,146,205,191,633,171,218,328,359,1076,NA,NA,0,0,0,NA,NA,1,2,3,45,93,127,119,384,89,144,213,205,651,NA,NA,NA,NA,NA,223,258,395,340,1216,10,16,21,37,84,16,17,36,37,106,38,40,58,74,210,34,34,55,66,189,80,77,97,94,348,227,385,537,501,1650,"davisda01",86.9,"Dale Davis"
"272","MICHIGANST",NA,NA,NA,NA,35,NA,NA,NA,35,650,NA,NA,NA,650,119,NA,NA,NA,119,199,NA,NA,NA,199,0,NA,NA,NA,0,0,NA,NA,NA,0,23,NA,NA,NA,23,38,NA,NA,NA,38,72,NA,NA,NA,72,191,NA,NA,NA,191,26,NA,NA,NA,26,9,NA,NA,NA,9,64,NA,NA,NA,64,30,NA,NA,NA,30,80,NA,NA,NA,80,261,NA,NA,NA,261,"davisde01",1.6,"Deyonta Davis"
"273","UNC","UNC",NA,NA,NA,38,23,NA,NA,61,NA,641,NA,NA,641,99,111,NA,NA,210,191,192,NA,NA,383,0,0,NA,NA,0,0,0,NA,NA,0,55,87,NA,NA,142,96,132,NA,NA,228,NA,66,NA,NA,66,250,220,NA,NA,470,22,22,NA,NA,44,14,10,NA,NA,24,65,64,NA,NA,129,40,46,NA,NA,86,NA,42,NA,NA,42,253,309,NA,NA,562,"davised01",32.8,"Ed Davis"
"274","LSU","LSU","LSU",NA,NA,30,36,29,NA,95,876,1144,1016,NA,3036,138,250,178,NA,566,269,505,368,NA,1142,3,6,17,NA,26,12,23,49,NA,84,127,163,139,NA,429,182,241,195,NA,618,NA,NA,NA,NA,NA,263,350,303,NA,916,31,50,66,NA,147,29,47,32,NA,108,41,41,28,NA,110,NA,NA,NA,NA,NA,NA,NA,NA,NA,NA,406,669,512,NA,1587,"davisgl01",18.6,"Glen Davis"
"275","UNC","UNC","UNC","UNC",NA,35,34,35,33,137,248,725,851,1095,2919,44,111,161,241,557,86,249,309,474,1118,4,44,64,85,197,13,111,131,198,453,24,59,81,140,304,31,74,97,169,371,NA,NA,NA,NA,NA,27,60,85,76,248,9,52,66,52,179,3,33,30,42,108,1,6,9,7,23,12,31,37,45,125,10,42,35,42,129,116,325,467,707,1615,"davishu01",27.7,"Hubert Davis"
"276","HOWARDCOLL","HOWARDCOLL","TXTECH","TXTECH",NA,30,28,28,30,116,NA,NA,995,971,1966,158,211,186,199,754,303,369,375,399,1446,0,8,17,20,45,1,28,54,60,143,90,158,130,102,480,159,237,197,166,759,NA,NA,NA,NA,NA,184,233,227,254,898,80,95,109,142,426,NA,NA,49,51,100,NA,NA,43,36,79,NA,NA,127,106,233,NA,NA,101,103,204,406,588,519,520,2033,"davisma02",2.3,"Mark Davis"
"277","MICHIGANST","MICHIGANST","MICHIGANST","MICHIGANST",NA,35,30,32,33,130,623,847,861,1018,3349,88,163,157,206,614,201,287,290,364,1142,1,5,1,6,13,6,15,8,19,48,97,143,77,160,477,147,179,115,184,625,NA,NA,NA,NA,NA,165,187,257,301,910,15,59,50,54,178,33,44,35,34,146,19,19,20,29,87,NA,NA,NA,NA,NA,NA,NA,NA,NA,NA,274,474,392,578,1718,"davispa01",0.5,"Paul Davis"
"278","IOWA",NA,NA,NA,NA,31,NA,NA,NA,31,NA,NA,NA,NA,NA,173,NA,NA,NA,173,371,NA,NA,NA,371,28,NA,NA,NA,28,91,NA,NA,NA,91,90,NA,NA,NA,90,129,NA,NA,NA,129,NA,NA,NA,NA,NA,148,NA,NA,NA,148,74,NA,NA,NA,74,38,NA,NA,NA,38,10,NA,NA,NA,10,NA,NA,NA,NA,NA,NA,NA,NA,NA,NA,464,NA,NA,NA,464,"davisri01",28,"Ricky Davis"
"279","MICHIGANST","MICHIGANST","MICHIGANST","MICHIGANST",NA,31,36,28,35,130,640,969,792,1055,3456,109,139,136,182,566,189,262,222,340,1013,0,0,0,0,0,3,5,1,0,9,41,43,42,51,177,69,80,64,104,317,67,77,83,102,329,139,212,233,318,902,29,47,46,59,181,29,57,35,42,163,26,33,25,58,142,43,73,36,67,219,41,58,41,72,212,259,321,314,415,1309,"dawsobr01",0,"Branden Dawson"
"280","GONZAGA","GONZAGA",NA,NA,NA,33,34,NA,NA,67,NA,NA,NA,NA,NA,116,159,NA,NA,275,244,333,NA,NA,577,26,36,NA,NA,62,63,84,NA,NA,147,89,77,NA,NA,166,101,109,NA,NA,210,NA,NA,NA,NA,NA,154,232,NA,NA,386,32,37,NA,NA,69,21,24,NA,NA,45,54,70,NA,NA,124,56,73,NA,NA,129,NA,NA,NA,NA,NA,347,431,NA,NA,778,"dayeau01",4.5,"Austin Daye"
"281","ARKANSAS","ARKANSAS","ARKANSAS","ARKANSAS",NA,32,35,38,22,127,741,1008,1121,711,3581,148,237,277,173,835,328,483,586,347,1744,31,71,67,57,226,90,176,189,133,588,98,139,165,97,499,137,183,221,127,668,NA,NA,NA,NA,NA,129,188,201,155,673,49,89,111,70,319,48,82,85,56,271,27,33,25,17,102,73,83,99,62,317,86,93,93,56,328,425,684,786,500,2395,"dayto01",17.5,"Todd Day"
"282","FLORIDA","FLORIDA","FLORIDA","FLORIDA",NA,33,28,37,30,128,825,715,998,966,3504,117,118,129,138,502,231,208,237,270,946,NA,NA,1,5,6,NA,NA,3,15,18,57,59,68,115,299,87,101,104,159,451,NA,NA,NA,NA,NA,203,198,292,265,958,26,15,54,42,137,19,47,45,36,147,47,44,51,34,176,67,59,92,85,303,106,93,108,101,408,291,295,327,396,1309,"declean01",19.3,"Andrew DeClercq"
"283","SETONHALL","SETONHALL","SETONHALL","SETONHALL",NA,28,34,31,35,128,932,1133,1004,1203,4272,134,213,196,242,785,333,460,459,525,1777,73,105,53,84,315,187,245,165,212,809,110,141,156,202,609,138,168,188,247,741,NA,NA,NA,NA,NA,94,101,115,105,415,49,89,111,70,319,26,40,38,40,144,13,12,9,8,42,81,85,80,93,339,99,90,81,75,345,451,672,601,770,2494,"deherte01",7.3,"Terry Dehere"
"284","WISCONSIN","WISCONSIN","WISCONSIN",NA,NA,35,38,40,NA,113,780,1134,1239,NA,3153,118,168,213,NA,499,248,358,406,NA,1012,50,42,50,NA,142,128,129,151,NA,408,49,94,80,NA,223,71,137,113,NA,321,43,65,77,NA,185,118,231,220,NA,569,47,52,49,NA,148,23,29,21,NA,73,14,22,18,NA,54,37,41,36,NA,114,43,52,42,NA,137,335,472,556,NA,1363,"dekkesa01",3.8,"Sam Dekker"
"285","MARYLAND","ARIZONA","ARIZONA",NA,NA,29,32,35,NA,96,813,693,878,NA,2384,156,130,195,NA,481,260,235,315,NA,810,NA,0,NA,NA,0,NA,1,NA,NA,1,51,80,99,NA,230,76,110,147,NA,333,NA,NA,NA,NA,NA,173,181,273,NA,627,22,14,21,NA,57,17,19,29,NA,65,36,41,39,NA,116,68,48,73,NA,189,90,87,95,NA,272,363,340,489,NA,1192,"delebi01",22.8,"Bison Dele"
"286","KENTUCKY","KENTUCKY","KENTUCKY","KENTUCKY",NA,30,34,33,36,133,287,957,960,947,3151,47,200,207,229,683,104,440,433,464,1441,18,95,77,93,283,51,254,197,210,712,24,69,60,88,241,33,108,89,110,340,NA,NA,NA,NA,NA,57,153,110,150,470,22,59,65,64,210,17,64,53,67,201,3,21,9,13,46,19,59,51,64,193,24,70,67,72,233,136,564,551,639,1890,"delkto01",19.5,"Tony Delk"
"287","DUKE",NA,NA,NA,NA,37,NA,NA,NA,37,1149,NA,NA,NA,1149,210,NA,NA,NA,210,441,NA,NA,NA,441,40,NA,NA,NA,40,111,NA,NA,NA,111,98,NA,NA,NA,98,138,NA,NA,NA,138,NA,NA,NA,NA,NA,255,NA,NA,NA,255,68,NA,NA,NA,68,49,NA,NA,NA,49,39,NA,NA,NA,39,NA,NA,NA,NA,NA,NA,NA,NA,NA,NA,558,NA,NA,NA,558,"denglu01",73.2,"Luol Deng"
"289","USC",NA,NA,NA,NA,35,NA,NA,NA,35,NA,NA,NA,NA,NA,192,NA,NA,NA,192,367,NA,NA,NA,367,6,NA,NA,NA,6,36,NA,NA,NA,36,95,NA,NA,NA,95,147,NA,NA,NA,147,NA,NA,NA,NA,NA,201,NA,NA,NA,201,51,NA,NA,NA,51,31,NA,NA,NA,31,13,NA,NA,NA,13,73,NA,NA,NA,73,NA,NA,NA,NA,NA,485,NA,NA,NA,485,"derozde01",50.7,"DeMar DeRozan"
"290","EMICHIGAN","EMICHIGAN","EMICHIGAN","EMICHIGAN",NA,30,31,32,29,122,767,915,1099,NA,2781,104,161,204,222,691,258,332,392,459,1441,33,47,55,79,214,113,127,130,198,568,53,56,102,84,295,69,80,125,107,381,NA,NA,NA,NA,NA,154,178,165,195,692,40,63,73,67,243,18,30,39,39,126,3,11,19,25,58,26,36,50,NA,112,62,49,69,NA,180,294,425,565,607,1891,"dialde01",0.6,"Derrick Dial"
"291","KANSAS",NA,NA,NA,NA,27,NA,NA,NA,27,202,NA,NA,NA,202,33,NA,NA,NA,33,58,NA,NA,NA,58,0,NA,NA,NA,0,0,NA,NA,NA,0,15,NA,NA,NA,15,27,NA,NA,NA,27,17,NA,NA,NA,17,68,NA,NA,NA,68,1,NA,NA,NA,1,7,NA,NA,NA,7,23,NA,NA,NA,23,17,NA,NA,NA,17,38,NA,NA,NA,38,81,NA,NA,NA,81,"diallch01",0.7,"Cheick Diallo"
"292","MIAMIFL","MIAMIFL","MIAMIFL",NA,NA,30,29,34,NA,93,840,996,1196,NA,3032,132,190,194,NA,516,268,417,467,NA,1152,35,61,78,NA,174,76,168,214,NA,458,54,97,120,NA,271,77,137,152,NA,366,NA,NA,NA,NA,NA,87,126,100,NA,313,65,76,97,NA,238,40,44,39,NA,123,9,9,7,NA,25,NA,NA,NA,NA,NA,NA,NA,NA,NA,NA,353,538,586,NA,1477,"diazgu01",0,"Guillermo Diaz"
"293","WASHINGTON","WASHINGTON","GONZAGA","GONZAGA",NA,28,13,24,32,97,NA,296,809,1110,2215,29,22,133,195,379,69,56,274,442,841,16,11,71,117,215,30,31,148,256,465,31,5,116,165,317,39,7,134,191,371,NA,NA,NA,NA,NA,24,38,79,95,236,29,34,150,149,362,9,11,20,26,66,0,0,3,4,7,NA,28,88,92,208,NA,27,52,61,140,105,60,453,672,1290,"dickada01",5.9,"Dan Dickau"
"294","TYLERJC","IDAHO","IDAHO",NA,NA,17,26,29,NA,72,NA,427,796,NA,1223,44,66,118,NA,228,108,138,243,NA,489,4,0,13,NA,17,14,3,34,NA,51,22,31,102,NA,155,40,51,160,NA,251,NA,NA,NA,NA,NA,73,124,192,NA,389,2,7,27,NA,36,NA,21,26,NA,47,NA,14,25,NA,39,NA,47,65,NA,112,NA,54,96,NA,150,114,163,351,NA,628,"dickeka01",0.1,"Kaniel Dickens"
"295","ARIZONA","ARIZONA","ARIZONA","ARIZONA",NA,29,32,34,35,130,330,736,1079,NA,2145,50,144,233,241,668,93,329,565,473,1460,10,31,55,57,153,19,91,166,141,417,28,62,121,91,302,41,84,170,120,415,NA,NA,NA,NA,NA,58,113,153,156,480,18,59,51,62,190,9,21,37,38,105,2,11,3,8,24,24,61,86,NA,171,21,51,91,NA,163,138,381,642,630,1791,"dickemi01",9.6,"Michael Dickerson"
"297","MARQUETTE","MARQUETTE","MARQUETTE","MARQUETTE",NA,33,33,31,23,120,781,1146,1060,783,3770,77,124,179,131,511,179,313,424,312,1228,57,69,90,68,284,129,190,200,168,687,51,74,136,124,385,67,91,154,148,460,NA,NA,NA,NA,NA,81,105,97,90,373,86,184,187,160,617,39,47,41,31,158,2,5,0,1,8,NA,NA,NA,NA,NA,NA,NA,NA,NA,NA,262,391,584,454,1691,"dienetr01",5.6,"Travis Diener"
"298","LOUISVILLE","LOUISVILLE","LOUISVILLE",NA,NA,29,40,33,NA,102,451,1312,1026,NA,2789,68,145,125,NA,338,110,276,234,NA,620,0,1,0,NA,1,1,2,0,NA,3,28,73,73,NA,174,52,108,112,NA,272,53,138,113,NA,304,128,363,310,NA,801,19,42,66,NA,127,13,47,44,NA,104,56,128,83,NA,267,27,80,59,NA,166,63,132,85,NA,280,164,364,323,NA,851,"dienggo01",20.7,"Gorgui Dieng"
"299","COLORADO","COLORADO","COLORADO",NA,NA,36,33,17,NA,86,988,1073,529,NA,2590,99,130,61,NA,290,246,313,131,NA,690,42,47,26,NA,115,96,139,63,NA,298,120,198,102,NA,420,147,240,119,NA,506,25,9,8,NA,42,131,105,52,NA,288,64,99,64,NA,227,27,44,26,NA,97,9,16,4,NA,29,50,73,30,NA,153,84,65,32,NA,181,360,505,250,NA,1115,"dinwisp01",6.7,"Spencer Dinwiddie"
"300","ARIZONAST","ARIZONAST","ARIZONAST",NA,NA,32,27,32,NA,91,1030,996,1164,NA,3190,209,179,229,NA,617,344,338,398,NA,1080,9,14,18,NA,41,24,37,45,NA,106,180,243,248,NA,671,245,298,311,NA,854,NA,NA,NA,NA,NA,249,241,312,NA,802,26,44,43,NA,113,8,13,18,NA,39,31,47,75,NA,153,NA,NA,NA,NA,NA,NA,NA,NA,NA,NA,607,615,724,NA,1946,"dioguik01",6.5,"Ike Diogu"
"301","MARYLAND","MARYLAND","MARYLAND","MARYLAND",NA,34,35,36,36,141,505,1190,1098,1209,4002,85,234,232,251,802,192,506,480,535,1713,36,49,62,92,239,97,135,151,232,615,44,113,128,141,426,53,143,148,157,501,NA,NA,NA,NA,NA,88,192,153,166,599,47,127,93,104,371,50,96,95,92,333,1,10,8,7,26,50,130,86,89,355,59,77,75,72,283,250,630,654,735,2269,"dixonju01",6.1,"Juan Dixon"
"302","UTAH","UTAH","UTAH","UTAH",NA,32,34,33,32,131,547,819,876,NA,2242,81,101,166,165,513,179,218,309,338,1044,0,0,8,13,21,1,1,18,32,52,72,92,135,173,472,97,116,174,215,602,NA,NA,NA,NA,NA,144,261,253,228,886,6,26,25,17,74,15,21,22,13,71,32,30,29,33,124,39,47,61,NA,147,66,91,87,NA,244,234,294,475,516,1519,"doleami01",12.7,"Michael Doleac"
"303","MISSOURI","MISSOURI",NA,NA,NA,28,31,NA,NA,59,676,983,NA,NA,1659,78,145,NA,NA,223,170,373,NA,NA,543,8,59,NA,NA,67,28,170,NA,NA,198,79,124,NA,NA,203,110,167,NA,NA,277,NA,NA,NA,NA,NA,58,84,NA,NA,142,85,113,NA,NA,198,32,44,NA,NA,76,12,17,NA,NA,29,55,79,NA,NA,134,47,56,NA,NA,103,243,473,NA,NA,716,"doolike01",18.5,"Keyon Dooling"
"304","MEMPHIS","MEMPHIS","MEMPHIS","MEMPHIS",NA,37,37,37,38,149,557,782,934,958,3231,65,106,121,108,400,119,168,197,167,651,0,0,0,0,0,0,0,0,0,0,39,42,71,45,197,91,107,152,119,469,NA,NA,NA,NA,NA,222,278,347,362,1209,17,31,13,20,81,22,44,53,41,160,43,66,81,74,264,NA,NA,NA,41,41,NA,NA,NA,NA,NA,169,254,313,261,997,"dorsejo01",2.9,"Joey Dorsey"
"305","OREGON","OREGON",NA,NA,NA,36,39,NA,NA,75,1083,1169,NA,NA,2252,153,189,NA,NA,342,347,405,NA,NA,752,67,88,NA,NA,155,165,208,NA,NA,373,111,105,NA,NA,216,156,139,NA,NA,295,48,33,NA,NA,81,155,135,NA,NA,290,71,67,NA,NA,138,29,30,NA,NA,59,7,4,NA,NA,11,69,59,NA,NA,128,76,57,NA,NA,133,484,571,NA,NA,1055,"dorsety01",-0.1,"Tyler Dorsey"
"306","OREGON","OREGON","HOUSTON","HOUSTON",NA,37,33,32,32,134,1031,786,991,1098,3906,163,116,164,202,645,371,265,324,430,1390,47,26,62,108,243,143,83,169,244,639,47,53,55,44,199,65,66,66,53,250,32,23,62,49,166,130,106,217,222,675,33,40,40,36,149,34,16,22,29,101,5,5,6,5,21,50,38,33,33,154,42,58,61,53,214,420,311,445,556,1732,"dotsoda01",0.2,"Damyean Dotson"
"307","RUTGERS","RUTGERS","RUTGERS",NA,NA,33,29,33,NA,95,838,996,1211,NA,3045,136,158,287,NA,581,320,403,621,NA,1344,69,66,116,NA,251,162,195,289,NA,646,71,57,149,NA,277,86,76,176,NA,338,NA,NA,NA,NA,NA,63,70,141,NA,274,56,98,103,NA,257,27,36,58,NA,121,13,22,27,NA,62,NA,NA,NA,NA,NA,NA,NA,NA,NA,NA,412,439,839,NA,1690,"doubyqu01",0,"Quincy Douby"
"308","MEMPHIS","MEMPHIS","MEMPHIS",NA,NA,34,35,40,NA,109,768,930,1147,NA,2845,102,194,259,NA,555,192,357,479,NA,1028,9,19,45,NA,73,29,58,109,NA,196,70,131,161,NA,362,94,179,226,NA,499,NA,NA,NA,NA,NA,113,120,165,NA,398,51,61,71,NA,183,26,39,49,NA,114,15,16,18,NA,49,NA,NA,83,NA,83,NA,NA,NA,NA,NA,283,538,724,NA,1545,"douglch01",5.4,"Chris Douglas-Roberts"
"309","SYRACUSE","SYRACUSE","SYRACUSE","SYRACUSE",NA,27,38,35,38,138,307,1240,1195,1348,4090,57,246,222,272,797,93,463,428,498,1482,NA,16,14,39,69,NA,49,53,106,208,32,151,104,110,397,44,203,150,174,571,NA,NA,NA,NA,NA,33,97,76,93,299,57,289,288,326,960,33,64,69,69,235,5,5,1,1,12,33,121,117,139,410,33,72,55,71,231,146,659,562,693,2060,"douglsh01",32.9,"Sherman Douglas"
"310","AUBURN","FLORIDAST","FLORIDAST","FLORIDAST",NA,31,30,34,35,130,NA,NA,NA,NA,NA,179,143,178,239,739,422,301,414,536,1673,62,31,62,85,240,166,78,174,221,639,105,63,106,188,462,133,80,131,232,576,NA,NA,NA,NA,NA,165,82,108,137,492,57,87,98,102,344,43,35,90,63,231,3,8,11,15,37,NA,NA,95,87,182,NA,NA,NA,NA,NA,525,380,524,751,2180,"douglto01",12.1,"Toney Douglas"
"311","VALPO","VALPO","VALPO","VALPO",NA,27,32,31,31,121,943,1136,1078,NA,3157,117,178,193,208,696,267,401,419,462,1549,78,92,100,94,364,170,231,219,217,837,49,103,131,103,386,65,119,149,130,463,NA,NA,NA,NA,NA,64,92,94,130,380,162,164,145,155,626,37,46,50,53,186,3,1,4,2,10,71,88,77,NA,236,59,74,71,NA,204,361,551,617,613,2142,"drewbr01",2.4,"Bryce Drew"
"312","UCONN",NA,NA,NA,NA,34,NA,NA,NA,34,967,NA,NA,NA,967,157,NA,NA,NA,157,292,NA,NA,NA,292,0,NA,NA,NA,0,2,NA,NA,NA,2,26,NA,NA,NA,26,88,NA,NA,NA,88,114,NA,NA,NA,114,257,NA,NA,NA,257,15,NA,NA,NA,15,28,NA,NA,NA,28,92,NA,NA,NA,92,52,NA,NA,NA,52,75,NA,NA,NA,75,340,NA,NA,NA,340,"drumman01",41.8,"Andre Drummond"
"313","BOSTONCOLL","BOSTONCOLL","BOSTONCOLL","BOSTONCOLL",NA,34,30,36,30,130,1156,1079,1340,1152,4727,131,165,198,195,689,282,338,401,347,1368,18,30,33,39,120,57,90,94,88,329,125,135,171,142,573,173,179,241,191,784,NA,NA,NA,NA,NA,225,224,239,248,936,95,95,115,90,395,44,49,41,42,176,8,7,12,10,37,NA,NA,NA,NA,NA,NA,NA,NA,NA,NA,405,495,600,571,2071,"dudleja01",39.9,"Jared Dudley"
"314","DUKE","DUKE","DUKE","DUKE",NA,39,35,33,37,144,1085,1229,1188,1311,4813,92,100,102,138,432,217,244,264,308,1033,44,54,35,29,162,122,159,128,96,505,52,59,66,65,242,80,83,96,90,349,NA,NA,NA,NA,NA,124,109,106,150,489,174,208,212,225,819,77,81,62,80,300,1,3,5,7,16,NA,NA,NA,NA,NA,NA,NA,NA,NA,NA,280,313,305,370,1268,"duhonch01",25,"Chris Duhon"
"315","OKSTATE","OKSTATE","OKSTATE",NA,NA,30,28,12,NA,70,937,850,276,NA,2063,203,184,62,NA,449,372,411,113,NA,896,0,5,0,NA,5,2,21,3,NA,26,115,66,28,NA,209,154,107,44,NA,305,NA,NA,NA,NA,NA,193,197,65,NA,455,49,73,27,NA,149,49,69,18,NA,136,31,30,5,NA,66,112,81,34,NA,227,91,83,20,NA,194,521,439,152,NA,1112,"dumasri02",4.5,"Richard Dumas"
"316","UMKC","UMKC","UMKC","UMKC",NA,28,28,27,29,112,857,1030,1002,1113,4002,177,200,238,229,844,355,384,487,544,1770,19,39,45,74,177,68,78,127,205,478,89,162,122,221,594,118,209,170,292,789,NA,NA,NA,NA,NA,134,128,148,166,576,87,72,98,87,344,29,28,36,49,142,9,7,14,19,49,76,91,88,110,365,78,63,78,79,298,462,601,643,753,2459,"dumasto01",1.3,"Tony Dumas"
"317","WAKE","WAKE","WAKE","WAKE",NA,33,32,32,31,128,997,1168,1190,1137,4492,120,208,228,234,790,220,352,411,385,1368,1,3,7,6,17,1,7,23,22,53,82,118,149,171,520,110,159,217,269,755,NA,NA,NA,NA,NA,317,401,395,457,1570,30,67,93,98,288,12,13,22,22,69,124,135,120,102,481,40,91,105,99,335,82,78,74,69,303,323,537,612,645,2117,"duncati01",206.4,"Tim Duncan"
"318","DUKE","DUKE","DUKE",NA,NA,30,39,35,NA,104,724,1137,1133,NA,2994,97,184,218,NA,499,211,388,451,NA,1050,34,57,88,NA,179,97,153,233,NA,483,45,68,81,NA,194,61,98,119,NA,278,NA,NA,NA,NA,NA,128,222,251,NA,601,50,103,72,NA,225,33,53,80,NA,166,14,15,26,NA,55,61,80,61,NA,202,53,81,79,NA,213,273,493,605,NA,1371,"dunlemi02",58.5,"Mike Dunleavy"
"319","PROVIDENCE","PROVIDENCE","PROVIDENCE","PROVIDENCE",NA,25,4,33,33,95,680,106,1123,1088,2997,49,6,185,184,424,123,19,390,411,943,4,0,27,42,73,14,2,77,113,206,40,3,118,132,293,58,3,172,190,423,41,1,28,36,106,120,10,180,176,486,79,20,247,206,552,29,7,90,82,208,7,1,10,20,38,47,14,138,116,315,77,9,101,93,280,142,15,515,542,1214,"dunnkr01",0.9,"Kris Dunn"
"320","TEXAS",NA,NA,NA,NA,35,NA,NA,NA,35,1255,NA,NA,NA,1255,306,NA,NA,NA,306,647,NA,NA,NA,647,82,NA,NA,NA,82,203,NA,NA,NA,203,209,NA,NA,NA,209,256,NA,NA,NA,256,NA,NA,NA,NA,NA,390,NA,NA,NA,390,46,NA,NA,NA,46,66,NA,NA,NA,66,67,NA,NA,NA,67,NA,NA,NA,NA,NA,NA,NA,NA,NA,NA,903,NA,NA,NA,903,"duranke01",125.6,"Kevin Durant"
"321","COLORADOST","COLORADOST","COLORADOST","COLORADOST",NA,28,29,35,33,125,499,1067,1287,1244,4097,64,193,252,196,705,146,348,505,370,1369,NA,0,0,1,1,NA,2,3,4,9,39,140,172,218,569,71,206,249,290,816,NA,NA,NA,NA,NA,101,271,228,251,851,9,51,65,66,191,3,16,47,54,120,20,62,45,44,171,39,87,92,91,309,55,83,105,74,317,167,526,676,611,1980,"durhapa01",0.7,"Pat Durham"
"322","IOWA","IOWA","IOWA","IOWA",NA,22,32,30,32,116,352,920,940,992,3204,48,179,212,203,642,109,356,398,402,1265,1,1,NA,0,2,3,1,NA,2,6,34,161,162,136,493,46,242,243,194,725,NA,NA,NA,NA,NA,78,213,234,286,811,24,48,27,40,139,11,29,30,41,111,50,106,121,81,358,35,115,84,100,334,48,95,69,69,281,131,520,586,542,1779,"earlac01",0.3,"Acie Earl"
"323","WICHITAST","WICHITAST",NA,NA,NA,39,36,NA,NA,75,979,986,NA,NA,1965,184,187,NA,NA,371,404,386,NA,NA,790,47,66,NA,NA,113,148,177,NA,NA,325,129,151,NA,NA,280,163,179,NA,NA,342,89,48,NA,NA,137,212,213,NA,NA,425,23,27,NA,NA,50,29,29,NA,NA,58,35,28,NA,NA,63,61,70,NA,NA,131,100,83,NA,NA,183,544,591,NA,NA,1135,"earlycl01",-0.6,"Cleanthony Early"
"324","WVIRGINIA","WVIRGINIA",NA,NA,NA,35,34,NA,NA,69,NA,1161,NA,NA,1161,132,144,NA,NA,276,281,315,NA,NA,596,5,3,NA,NA,8,40,30,NA,NA,70,98,117,NA,NA,215,140,152,NA,NA,292,NA,99,NA,NA,99,273,275,NA,NA,548,93,83,NA,NA,176,29,36,NA,NA,65,25,23,NA,NA,48,67,75,NA,NA,142,NA,54,NA,NA,54,367,408,NA,NA,775,"ebankde01",0.5,"Devin Ebanks"
"325","UCLA","UCLA","UCLA","UCLA",NA,32,33,28,32,125,586,1207,891,976,3660,59,142,137,146,484,125,294,294,294,1007,14,34,24,25,97,41,82,64,66,253,47,132,132,139,450,59,157,161,182,559,NA,NA,NA,NA,NA,67,117,96,99,379,88,186,162,216,652,41,63,46,74,224,1,4,7,6,18,41,115,90,92,338,50,78,65,81,274,179,450,430,456,1515,"edneyty01",6.8,"Tyus Edney"
"326","ECAROLINA","ECAROLINA",NA,NA,NA,28,29,NA,NA,57,876,987,NA,NA,1863,169,297,NA,NA,466,301,539,NA,NA,840,1,25,NA,NA,26,4,51,NA,NA,55,65,154,NA,NA,219,88,204,NA,NA,292,NA,NA,NA,NA,NA,158,201,NA,NA,359,52,92,NA,NA,144,37,47,NA,NA,84,13,18,NA,NA,31,76,92,NA,NA,168,112,96,NA,NA,208,404,773,NA,NA,1177,"edwarbl01",24.2,"Blue Edwards"
"327","CCONNST","CCONNST","CCONNST","CCONNST",NA,32,31,28,32,123,759,813,834,992,3398,160,153,161,178,652,315,305,307,353,1280,0,0,0,0,0,0,1,1,0,2,85,73,132,137,427,131,129,181,180,621,NA,NA,NA,NA,NA,237,231,221,278,967,16,21,23,33,93,17,15,40,44,116,53,62,35,48,198,NA,NA,NA,NA,NA,NA,NA,NA,NA,NA,405,379,454,493,1731,"edwarco01",0.1,"Corsley Edwards"
"328","FLORIDAST","FLORIDAST","FLORIDAST",NA,NA,32,30,31,NA,93,1046,1076,1085,NA,3207,200,197,224,NA,621,385,385,424,NA,1194,12,12,6,NA,30,36,53,25,NA,114,112,106,114,NA,332,158,142,158,NA,458,NA,NA,NA,NA,NA,227,271,290,NA,788,61,80,91,NA,232,32,48,43,NA,123,36,41,44,NA,121,83,90,84,NA,257,97,95,102,NA,294,524,512,568,NA,1604,"edwardo01",0.2,"Doug Edwards"
"329","INDIANA","INDIANA",NA,NA,NA,23,34,NA,NA,57,NA,NA,NA,NA,NA,115,218,NA,NA,333,256,460,NA,NA,716,NA,NA,NA,NA,NA,NA,NA,NA,NA,NA,69,163,NA,NA,232,76,198,NA,NA,274,NA,NA,NA,NA,NA,51,146,NA,NA,197,NA,NA,NA,NA,NA,17,38,NA,NA,55,6,27,NA,NA,33,44,103,NA,NA,147,56,92,NA,NA,148,358,680,NA,NA,1038,"edwarja02",0,"Jay Edwards"
"330","BOSTONCOLL","BOSTONCOLL","BOSTONCOLL","BOSTONCOLL",NA,30,31,31,34,126,1011,1071,1162,1203,4447,95,118,131,185,529,264,242,296,389,1191,26,37,43,91,197,74,75,104,188,441,81,88,121,83,373,108,118,145,105,476,NA,NA,NA,NA,NA,79,111,107,116,413,100,135,153,156,544,46,61,37,51,195,6,3,5,2,16,84,102,94,86,366,83,99,83,93,358,297,361,426,544,1628,"eisleho01",19.5,"Howard Eisley"
"331","MARYLAND","MARYLAND","MARYLAND","MARYLAND",NA,30,32,32,24,118,463,858,NA,614,1935,51,115,138,104,408,108,209,285,213,815,0,0,0,0,0,0,0,0,2,2,33,92,134,97,356,60,144,200,140,544,NA,NA,NA,NA,NA,111,212,207,141,671,10,22,51,21,104,NA,NA,19,17,36,NA,NA,37,35,72,NA,NA,NA,NA,NA,NA,NA,NA,NA,NA,135,322,410,305,1172,"ekeziob01",1.7,"Obinna Ekezie"
"332","UCONN","UCONN","UCONN",NA,NA,37,36,35,NA,108,NA,1031,1118,NA,2149,211,174,195,NA,580,498,422,475,NA,1395,81,51,63,NA,195,222,151,177,NA,550,90,98,107,NA,295,113,126,120,NA,359,NA,NA,NA,NA,NA,108,101,110,NA,319,156,140,183,NA,479,68,59,59,NA,186,5,1,4,NA,10,NA,95,93,NA,188,NA,82,73,NA,155,593,497,560,NA,1650,"elamikh01",0.6,"Khalid El-Amin"
"333","MARQUETTE",NA,NA,NA,NA,33,NA,NA,NA,33,1107,NA,NA,NA,1107,194,NA,NA,NA,194,435,NA,NA,NA,435,30,NA,NA,NA,30,104,NA,NA,NA,104,143,NA,NA,NA,143,191,NA,NA,NA,191,71,NA,NA,NA,71,321,NA,NA,NA,321,59,NA,NA,NA,59,28,NA,NA,NA,28,49,NA,NA,NA,49,78,NA,NA,NA,78,84,NA,NA,NA,84,561,NA,NA,NA,561,"ellenhe01",-0.3,"Henry Ellenson"
"334","UNC","UNC","UNC",NA,NA,38,39,38,NA,115,NA,NA,NA,NA,NA,164,237,215,NA,616,379,507,445,NA,1331,66,78,85,NA,229,178,195,204,NA,577,51,95,87,NA,233,61,115,112,NA,288,NA,NA,NA,NA,NA,109,174,186,NA,469,79,78,101,NA,258,29,44,36,NA,109,1,7,6,NA,14,NA,66,62,NA,128,NA,NA,NA,NA,NA,445,647,602,NA,1694,"ellinwa01",13.4,"Wayne Ellington"
"335","ARIZONA","ARIZONA","ARIZONA","ARIZONA",NA,32,30,38,33,133,1079,1046,1249,1125,4499,187,209,263,237,896,385,410,461,494,1750,NA,33,41,66,140,NA,89,87,131,307,125,127,176,195,623,167,165,222,232,786,NA,NA,NA,NA,NA,171,181,219,237,808,70,110,137,134,451,22,21,28,32,103,8,6,15,9,38,68,101,101,103,373,52,68,69,54,243,499,578,743,735,2555,"elliose01",55.7,"Sean Elliott"
"336","NOTREDAME","NOTREDAME","NOTREDAME","NOTREDAME",NA,27,22,15,33,97,819,712,495,1194,3220,156,114,90,227,587,277,223,157,360,1017,1,2,8,4,15,1,6,17,9,33,52,79,58,127,316,76,117,81,194,468,NA,NA,NA,NA,NA,254,278,158,385,1075,31,33,26,51,141,22,21,11,37,91,53,37,24,86,200,NA,NA,NA,92,92,78,75,52,112,317,365,309,246,585,1505,"ellisla01",32.8,"LaPhonso Ellis"
"337","KENTUCKY","KENTUCKY","SYRACUSE","SYRACUSE",NA,28,32,32,32,124,386,1006,682,929,3003,49,200,79,142,470,106,385,175,280,946,NA,0,6,0,6,NA,2,15,4,21,22,111,28,72,233,42,164,54,119,379,NA,NA,NA,NA,NA,83,177,129,246,635,13,65,24,43,145,13,36,35,62,146,18,35,25,79,157,21,66,22,44,153,47,101,96,110,354,120,511,192,356,1179,"ellisle02",1.2,"LeRon Ellis"
"338","LOUISVILLE","LOUISVILLE","LOUISVILLE","LOUISVILLE",NA,39,31,35,31,136,1194,952,1175,1014,4335,210,185,235,227,857,379,347,391,369,1486,NA,NA,1,0,1,NA,NA,2,1,3,90,100,146,92,428,132,139,211,141,623,NA,NA,NA,NA,NA,318,270,291,270,1149,78,56,108,78,320,50,36,46,39,171,92,82,102,98,374,60,96,73,85,314,117,96,103,98,414,510,470,617,546,2143,"ellispe01",21.8,"Pervis Ellison"
"340","CALIFORNIA","CALIFORNIA",NA,NA,NA,27,32,NA,NA,59,NA,632,NA,NA,632,53,80,NA,NA,133,123,156,NA,NA,279,0,0,NA,NA,0,0,0,NA,NA,0,30,21,NA,NA,51,49,51,NA,NA,100,NA,NA,NA,NA,NA,126,162,NA,NA,288,14,16,NA,NA,30,19,26,NA,NA,45,25,42,NA,NA,67,NA,36,NA,NA,36,NA,84,NA,NA,84,136,181,NA,NA,317,"elsonfr01",11.7,"Francisco Elson"
"341","FRESNOST","FRESNOST","FRESNOST","FRESNOST",NA,32,31,33,28,124,988,1035,1009,999,4031,155,180,208,246,789,276,297,357,437,1367,1,0,0,0,1,2,0,0,1,3,48,51,112,161,372,111,77,167,219,574,NA,NA,NA,NA,NA,207,216,247,254,924,17,27,45,50,139,26,23,29,19,97,91,92,90,88,361,76,65,89,73,303,98,96,85,67,346,359,411,528,653,1951,"elyme01",4,"Melvin Ely"
"342","KANSAS",NA,NA,NA,NA,28,NA,NA,NA,28,647,NA,NA,NA,647,107,NA,NA,NA,107,171,NA,NA,NA,171,1,NA,NA,NA,1,5,NA,NA,NA,5,98,NA,NA,NA,98,143,NA,NA,NA,143,65,NA,NA,NA,65,227,NA,NA,NA,227,38,NA,NA,NA,38,25,NA,NA,NA,25,72,NA,NA,NA,72,66,NA,NA,NA,66,94,NA,NA,NA,94,313,NA,NA,NA,313,"embiijo01",5,"Joel Embiid"
"343","TXTECH","TXTECH","TXTECH","TXTECH",NA,28,32,34,34,128,575,1048,1258,1259,4140,83,242,297,260,882,210,466,595,494,1765,18,9,11,16,54,62,28,38,45,173,31,106,136,165,438,49,157,191,226,623,NA,NA,NA,NA,NA,102,212,226,225,765,28,48,63,62,201,16,40,64,44,164,4,13,16,10,43,NA,NA,NA,NA,NA,NA,NA,NA,NA,NA,215,599,741,701,2256,"emmetan01",0.1,"Andre Emmett"
"344","VAUNION","VAUNION","VAUNION","VAUNION",NA,31,29,30,30,120,NA,NA,NA,NA,NA,105,172,210,333,820,235,365,417,672,1689,23,35,58,65,181,50,79,123,144,396,72,95,138,270,575,95,133,170,341,739,NA,NA,NA,NA,NA,90,137,120,154,501,95,145,93,92,425,24,31,31,39,125,NA,NA,NA,NA,NA,NA,NA,NA,NA,NA,NA,NA,NA,NA,NA,305,474,616,1001,2396,"engliaj01",1.1,"A.J. English"
"345","MISSOURI","MISSOURI","MISSOURI","MISSOURI",NA,38,34,34,35,141,NA,818,869,1175,2862,82,156,106,171,515,212,397,290,328,1227,41,68,52,78,239,110,184,142,170,606,42,95,77,87,301,58,130,106,120,414,NA,29,16,30,75,62,115,105,148,430,42,39,67,56,204,19,45,42,45,151,4,3,11,10,28,39,71,67,59,236,NA,58,58,83,199,247,475,341,507,1570,"engliki01",0.2,"Kim English"
"346","SYRACUSE",NA,NA,NA,NA,34,NA,NA,NA,34,1215,NA,NA,NA,1215,148,NA,NA,NA,148,360,NA,NA,NA,360,30,NA,NA,NA,30,85,NA,NA,NA,85,114,NA,NA,NA,114,149,NA,NA,NA,149,27,NA,NA,NA,27,115,NA,NA,NA,115,187,NA,NA,NA,187,71,NA,NA,NA,71,6,NA,NA,NA,6,58,NA,NA,NA,58,69,NA,NA,NA,69,440,NA,NA,NA,440,"ennisty01",0.7,"Tyler Ennis"
"347","NWESTERN","NWESTERN","NWESTERN","NWESTERN",NA,27,29,27,29,112,691,805,NA,938,2434,94,147,200,180,621,168,240,328,308,1044,0,0,0,0,0,0,0,0,0,0,54,116,185,208,563,106,178,302,273,859,NA,NA,NA,NA,NA,178,235,290,292,995,16,47,67,76,206,21,28,19,24,92,26,34,24,48,132,44,68,NA,94,206,105,91,NA,100,296,242,410,585,568,1805,"eschmev01",4,"Evan Eschmeyer"
"348","INDIANA","INDIANA","INDIANA","INDIANA",NA,35,27,31,31,124,615,791,1051,1156,3613,62,116,177,212,567,146,259,383,474,1262,23,43,58,62,186,65,94,139,158,456,37,46,126,172,381,54,58,161,203,476,NA,NA,NA,NA,NA,138,183,208,221,750,46,59,101,126,332,18,37,25,43,123,5,13,17,19,54,27,52,72,72,223,50,56,77,56,239,184,321,538,658,1701,"evansbr01",1.7,"Brian Evans"
"349","OKSTATE","OKSTATE",NA,NA,NA,22,32,NA,NA,54,635,936,NA,NA,1571,97,211,NA,NA,308,206,482,NA,NA,688,19,36,NA,NA,55,40,95,NA,NA,135,70,155,NA,NA,225,84,191,NA,NA,275,10,24,NA,NA,34,96,110,NA,NA,206,108,204,NA,NA,312,25,57,NA,NA,82,4,4,NA,NA,8,56,90,NA,NA,146,54,74,NA,NA,128,283,613,NA,NA,896,"evansja01",-0.1,"Jawun Evans"
"350","WKENTUCKY","WKENTUCKY","WKENTUCKY","WKENTUCKY",NA,32,34,34,34,134,NA,NA,NA,901,901,87,80,123,137,427,135,128,194,211,668,1,8,0,3,12,1,19,1,12,33,49,34,52,64,199,73,53,72,93,291,NA,NA,NA,101,101,182,176,195,235,788,16,20,11,25,72,19,16,21,28,84,44,51,68,61,224,NA,37,33,36,106,NA,NA,NA,98,98,224,202,298,341,1065,"evansje01",8.2,"Jeremy Evans"
"351","MEMPHIS",NA,NA,NA,NA,37,NA,NA,NA,37,NA,NA,NA,NA,NA,230,NA,NA,NA,230,505,NA,NA,NA,505,34,NA,NA,NA,34,124,NA,NA,NA,124,138,NA,NA,NA,138,194,NA,NA,NA,194,NA,NA,NA,NA,NA,198,NA,NA,NA,198,143,NA,NA,NA,143,77,NA,NA,NA,77,29,NA,NA,NA,29,133,NA,NA,NA,133,NA,NA,NA,NA,NA,632,NA,NA,NA,632,"evansty01",28.2,"Tyreke Evans"
"352","DUKE","DUKE","DUKE","DUKE",NA,35,33,37,33,138,638,920,1131,1138,3827,80,126,151,181,538,167,293,362,424,1246,32,42,74,69,217,70,105,180,199,554,35,101,92,74,302,51,123,124,107,405,NA,NA,NA,NA,NA,78,104,96,104,382,47,45,69,132,293,32,42,52,65,191,1,5,5,13,24,NA,NA,NA,NA,NA,NA,NA,NA,NA,NA,227,395,468,505,1595,"ewingda01",0.8,"Daniel Ewing"
"353","INDIANA","INDIANA","GEORGETOWN","GEORGETOWN",NA,28,29,36,34,127,NA,NA,NA,NA,NA,32,42,54,74,202,61,88,101,140,390,1,2,16,13,32,1,6,36,46,89,13,31,23,48,115,27,54,43,73,197,NA,NA,NA,NA,NA,102,110,75,143,430,6,22,39,62,129,13,21,14,33,81,17,18,17,23,75,NA,NA,NA,54,54,NA,NA,NA,NA,NA,78,117,147,209,551,"ewingpa02",-0.1,"Patrick Ewing"
"354","VANDY","VANDY","VANDY","VANDY",NA,29,32,34,26,121,NA,406,799,603,1808,41,49,151,89,330,75,90,257,165,587,0,0,0,0,0,0,0,0,0,0,28,22,140,84,274,55,59,216,139,469,NA,30,95,62,187,74,102,213,154,543,1,3,6,8,18,4,6,20,11,41,22,43,88,52,205,43,34,60,58,195,NA,70,104,82,256,110,120,442,262,934,"ezelife01",5.9,"Festus Ezeli"
"355","MOREHEAD","MOREHEAD","MOREHEAD","MOREHEAD",NA,30,36,35,35,136,NA,NA,1060,1216,2276,132,194,224,233,783,256,349,397,374,1376,0,2,1,0,3,3,5,4,0,12,51,109,141,139,440,88,189,237,241,755,NA,NA,148,200,348,241,468,456,508,1673,9,52,19,37,117,37,68,56,67,228,24,68,67,82,241,48,80,84,92,304,NA,NA,115,108,223,315,499,590,605,2009,"farieke01",36,"Kenneth Faried"
"356","UCLA","UCLA",NA,NA,NA,29,37,NA,NA,66,997,1125,NA,NA,2122,120,172,NA,NA,292,292,420,NA,NA,712,34,63,NA,NA,97,102,189,NA,NA,291,109,91,NA,NA,200,136,127,NA,NA,263,NA,NA,NA,NA,NA,101,95,NA,NA,196,153,189,NA,NA,342,41,41,NA,NA,82,3,9,NA,NA,12,NA,NA,NA,NA,NA,NA,NA,NA,NA,NA,383,498,NA,NA,881,"farmajo01",13.9,"Jordan Farmar"
"357","GATECH",NA,NA,NA,NA,36,NA,NA,NA,36,989,NA,NA,NA,989,179,NA,NA,NA,179,293,NA,NA,NA,293,0,NA,NA,NA,0,1,NA,NA,NA,1,90,NA,NA,NA,90,143,NA,NA,NA,143,108,NA,NA,NA,108,303,NA,NA,NA,303,37,NA,NA,NA,37,32,NA,NA,NA,32,74,NA,NA,NA,74,90,NA,NA,NA,90,94,NA,NA,NA,94,448,NA,NA,NA,448,"favorde01",37.2,"Derrick Favors"
"358","NEVADA","NEVADA","NEVADA","NEVADA",NA,34,32,33,32,131,915,1009,1051,969,3944,162,223,268,248,901,307,444,507,437,1695,24,33,31,28,116,67,101,107,65,340,81,183,154,128,546,105,232,182,151,670,NA,NA,NA,NA,NA,257,301,342,354,1254,16,30,68,56,170,18,20,36,24,98,44,51,49,48,192,NA,NA,NA,NA,NA,NA,NA,NA,NA,NA,429,662,721,652,2464,"fazekni01",0.8,"Nick Fazekas"
"359","MICHIGANST","MICHIGANST","MICHIGANST","MICHIGANST",NA,14,32,28,32,106,55,506,875,986,2422,2,38,111,116,267,15,69,180,268,532,0,0,NA,20,20,1,2,NA,65,68,1,20,54,71,146,4,41,93,115,253,NA,NA,NA,NA,NA,20,104,281,303,708,1,23,29,75,128,2,12,26,24,64,1,11,12,14,38,4,22,46,69,141,7,53,62,73,195,5,96,276,323,700,"feickja01",8.2,"Jamie Feick"
"360","OAKLAND","OAKLAND","OAKLAND",NA,NA,33,33,35,NA,101,1068,1272,1286,NA,3626,102,183,269,NA,554,254,434,612,NA,1300,20,47,76,NA,143,62,139,214,NA,415,90,185,239,NA,514,119,224,282,NA,625,16,25,26,NA,67,129,158,149,NA,436,212,252,324,NA,788,29,66,69,NA,164,4,8,7,NA,19,93,137,120,NA,350,100,83,104,NA,287,314,598,853,NA,1765,"feldeka01",-0.4,"Kay Felder"
"361","ARIZONAST","ARIZONAST","ARIZONAST",NA,NA,30,29,35,NA,94,436,955,1235,NA,2626,50,102,189,NA,341,128,242,378,NA,748,9,38,52,NA,99,44,121,139,NA,304,30,63,81,NA,174,40,85,122,NA,247,19,33,73,NA,125,48,117,285,NA,450,30,38,57,NA,125,14,32,50,NA,96,13,22,39,NA,74,24,68,70,NA,162,44,75,105,NA,224,139,305,511,NA,955,"felixca01",0,"Carrick Felix"
"362","UNC","UNC","UNC",NA,NA,35,30,36,NA,101,1240,1039,1142,NA,3421,151,113,150,NA,414,379,269,330,NA,978,69,35,70,NA,174,193,112,159,NA,464,79,85,94,NA,258,114,105,134,NA,353,NA,NA,NA,NA,NA,143,119,155,NA,417,236,213,249,NA,698,56,64,72,NA,192,9,7,11,NA,27,NA,NA,NA,NA,NA,NA,NA,NA,NA,NA,450,346,464,NA,1260,"feltora01",38.7,"Raymond Felton"
"363","DUKE","DUKE","DUKE","DUKE",NA,40,33,35,35,143,912,1094,1138,1163,4307,91,172,247,300,810,198,383,519,575,1675,NA,25,38,45,108,NA,63,109,106,278,54,92,135,146,427,86,109,163,193,551,NA,NA,NA,NA,NA,221,256,266,260,1003,60,141,139,166,506,39,31,44,55,169,9,18,24,20,71,69,112,100,115,396,119,95,94,86,394,236,461,667,791,2155,"ferryda01",34.8,"Danny Ferry"
"364","STANFORD","STANFORD","STANFORD","STANFORD",NA,30,33,34,32,129,NA,NA,NA,1161,1161,45,46,160,248,499,124,127,321,506,1078,20,22,32,29,103,66,62,87,86,301,15,20,78,179,292,23,32,120,257,432,NA,NA,NA,81,81,74,67,226,280,647,22,33,66,89,210,7,11,42,51,111,4,7,18,25,54,NA,27,63,83,173,NA,NA,NA,65,65,125,134,430,704,1393,"fieldla01",10.5,"Landry Fields"
"365","WISCONSIN","WISCONSIN","WISCONSIN","WISCONSIN",NA,31,28,29,27,115,920,979,1046,1000,3945,130,223,208,178,739,287,478,446,470,1681,26,63,66,58,213,72,173,182,204,631,95,111,110,140,456,128,144,140,181,593,NA,NA,NA,NA,NA,152,161,194,141,648,85,86,92,108,371,27,49,40,52,168,24,18,21,15,78,87,76,75,80,318,73,79,67,73,292,381,620,592,554,2147,"finlemi01",85.2,"Michael Finley"
"366","ARKANSASLR","ARKANSASLR","ARKANSASLR","ARKANSASLR",NA,27,28,27,30,112,749,888,938,1080,3655,57,94,153,128,432,138,212,386,312,1048,9,23,43,51,126,31,55,113,133,332,71,72,130,128,401,92,93,180,171,536,NA,NA,NA,NA,NA,89,109,135,144,477,92,102,124,154,472,39,45,44,56,184,3,0,7,2,12,50,72,70,81,273,71,90,61,64,286,194,283,479,435,1391,"fishede01",62.3,"Derek Fisher"
"367","UNCWILM","UNCWILM","UNCWILM","UNCWILM",NA,6,28,28,28,90,50,525,647,865,2087,7,100,114,206,427,12,176,207,319,714,NA,NA,NA,NA,NA,NA,NA,NA,NA,NA,1,38,53,82,174,4,77,84,130,295,NA,NA,NA,NA,NA,7,157,190,262,616,3,22,25,31,81,2,16,25,28,71,1,19,28,39,87,6,59,41,70,176,12,97,97,101,307,15,238,281,494,1028,"fishma01",0.6,"Matt Fish"
"368","IOWAST","IOWAST","IOWAST",NA,NA,30,30,37,NA,97,NA,961,1243,NA,2204,173,190,327,NA,690,365,422,562,NA,1349,0,6,15,NA,21,2,28,42,NA,72,101,153,175,NA,429,164,208,239,NA,611,NA,NA,NA,NA,NA,202,229,285,NA,716,19,34,41,NA,94,32,29,29,NA,90,27,23,39,NA,89,NA,68,77,NA,145,NA,78,103,NA,181,447,539,844,NA,1830,"fizerma01",2.7,"Marcus Fizer"
"369","RUTGERS","MANHATTAN","MANHATTAN","MANHATTAN",NA,29,29,30,31,119,312,1055,1166,1121,3654,38,180,231,234,683,82,395,508,529,1514,3,39,56,68,166,16,95,145,182,438,35,164,221,208,628,48,188,245,241,722,NA,NA,NA,NA,NA,41,114,169,122,446,23,69,87,50,229,14,43,58,60,175,0,6,11,4,21,NA,NA,NA,NA,NA,NA,NA,NA,NA,NA,114,563,739,744,2160,"florelu01",0,"Luis Flores"
"370","SYRACUSE","SYRACUSE",NA,NA,NA,35,38,NA,NA,73,NA,NA,NA,NA,NA,191,219,NA,NA,410,416,476,NA,NA,892,56,45,NA,NA,101,161,142,NA,NA,303,110,180,NA,NA,290,142,229,NA,NA,371,NA,NA,NA,NA,NA,94,104,NA,NA,198,185,254,NA,NA,439,53,54,NA,NA,107,6,6,NA,NA,12,95,129,NA,NA,224,NA,NA,NA,NA,NA,548,663,NA,NA,1211,"flynnjo01",-1.1,"Jonny Flynn"
"371","MISSVALLEY","MISSVALLEY","MISSVALLEY","MISSVALLEY",NA,27,28,26,28,109,859,934,864,916,3573,289,325,255,252,1121,656,668,567,578,2469,104,86,67,76,333,288,260,221,216,985,126,179,137,148,590,171,234,181,187,773,NA,NA,NA,NA,NA,133,167,145,147,592,89,38,96,108,331,50,61,64,54,229,5,3,10,10,28,67,74,75,88,304,41,81,68,68,258,808,915,714,728,3165,"fordal01",-0.4,"Alphonso Ford"
"372","HOUSTON",NA,NA,NA,NA,26,NA,NA,NA,26,663,NA,NA,NA,663,95,NA,NA,NA,95,220,NA,NA,NA,220,9,NA,NA,NA,9,34,NA,NA,NA,34,81,NA,NA,NA,81,133,NA,NA,NA,133,NA,NA,NA,NA,NA,154,NA,NA,NA,154,17,NA,NA,NA,17,5,NA,NA,NA,5,19,NA,NA,NA,19,66,NA,NA,NA,66,97,NA,NA,NA,97,280,NA,NA,NA,280,"fordal02",0.8,"Alton Ford"
"373","ILLCHICAGO","ILLCHICAGO","ILLCHICAGO",NA,NA,32,29,27,NA,88,1044,999,969,NA,3012,246,279,265,NA,790,516,560,562,NA,1638,29,26,47,NA,102,94,87,113,NA,294,80,120,130,NA,330,127,172,170,NA,469,NA,NA,NA,NA,NA,270,254,283,NA,807,42,32,39,NA,113,NA,NA,NA,NA,NA,NA,NA,NA,NA,NA,NA,NA,NA,NA,NA,NA,NA,NA,NA,NA,601,704,707,NA,2012,"fordsh01",0.4,"Sherell Ford"
"374","TEXAS","TEXAS",NA,NA,NA,33,33,NA,NA,66,1068,1110,NA,NA,2178,123,159,NA,NA,282,298,397,NA,NA,695,5,18,NA,NA,23,33,68,NA,NA,101,107,159,NA,NA,266,138,194,NA,NA,332,NA,NA,NA,NA,NA,125,128,NA,NA,253,273,254,NA,NA,527,72,66,NA,NA,138,4,5,NA,NA,9,131,107,NA,NA,238,91,83,NA,NA,174,358,495,NA,NA,853,"fordtj01",16.9,"T.J. Ford"
"375","UNC","UNC",NA,NA,NA,36,33,NA,NA,69,1195,1145,NA,NA,2340,228,251,NA,NA,479,497,558,NA,NA,1055,56,55,NA,NA,111,156,146,NA,NA,302,88,133,NA,NA,221,117,156,NA,NA,273,NA,NA,NA,NA,NA,198,201,NA,NA,399,94,116,NA,NA,210,54,67,NA,NA,121,15,12,NA,NA,27,85,84,NA,NA,169,78,60,NA,NA,138,600,690,NA,NA,1290,"fortejo01",-0.4,"Joseph Forte"
"376","CINCY","CINCY","CINCY",NA,NA,34,33,33,NA,100,797,909,986,NA,2692,190,222,243,NA,655,355,413,392,NA,1160,0,0,0,NA,0,1,1,1,NA,3,134,220,217,NA,571,196,292,281,NA,769,NA,NA,NA,NA,NA,258,316,299,NA,873,38,45,36,NA,119,32,40,19,NA,91,13,13,15,NA,41,75,83,100,NA,258,119,118,108,NA,345,514,664,703,NA,1881,"fortsda01",22.3,"Danny Fortson"
"377","UCLA","UCLA","UTEP","UTEP",NA,31,11,26,32,100,441,292,728,837,2298,44,39,117,133,333,88,74,242,286,690,NA,NA,0,0,0,NA,NA,1,2,3,13,16,54,73,156,26,37,83,90,236,NA,NA,NA,NA,NA,76,61,189,198,524,25,13,18,31,87,5,2,6,13,26,24,20,20,38,102,25,24,58,56,163,61,36,80,98,275,101,94,288,339,822,"fostegr01",5.6,"Greg Foster"
"378","SWTEXAS","SWTEXAS","SWTEXAS","SWTEXAS",NA,26,29,28,28,111,340,637,816,787,2580,31,87,140,142,400,70,170,263,285,788,1,3,0,0,4,1,3,0,0,4,19,71,77,113,280,39,110,126,163,438,NA,NA,NA,NA,NA,108,222,285,316,931,19,25,44,43,131,9,23,37,30,99,17,38,29,27,111,24,54,61,57,196,65,91,102,85,343,82,248,357,397,1084,"fosteje01",47.5,"Jeff Foster"
"379","CALIFORNIA","CALIFORNIA","FRESNOST",NA,NA,27,13,32,NA,72,699,351,NA,NA,1050,125,49,161,NA,335,275,123,328,NA,726,17,12,6,NA,35,56,40,37,NA,133,94,47,117,NA,258,147,68,184,NA,399,NA,NA,NA,NA,NA,180,80,359,NA,619,27,7,31,NA,65,20,8,52,NA,80,16,5,9,NA,30,59,28,NA,NA,87,56,24,NA,NA,80,361,157,445,NA,963,"fowlktr01",2.1,"Tremaine Fowlkes"
"380","KENTUCKY",NA,NA,NA,NA,36,NA,NA,NA,36,1064,NA,NA,NA,1064,214,NA,NA,NA,214,447,NA,NA,NA,447,17,NA,NA,NA,17,69,NA,NA,NA,69,156,NA,NA,NA,156,212,NA,NA,NA,212,21,NA,NA,NA,21,143,NA,NA,NA,143,165,NA,NA,NA,165,53,NA,NA,NA,53,7,NA,NA,NA,7,87,NA,NA,NA,87,90,NA,NA,NA,90,601,NA,NA,NA,601,"foxde01",-0.8,"De'Aaron Fox"
"381","UNC","UNC","UNC","UNC",NA,34,37,34,35,140,371,829,981,999,3180,59,165,203,206,633,94,283,389,455,1221,3,13,70,67,153,9,29,160,196,394,15,83,75,111,284,30,105,102,138,375,NA,NA,NA,NA,NA,63,142,157,232,594,32,76,84,131,323,26,47,54,70,197,5,16,6,17,44,41,88,108,102,339,68,122,112,103,405,136,426,551,590,1703,"foxri01",44.7,"Rick Fox"
"382","VILLANOVA","VILLANOVA","VILLANOVA","VILLANOVA",NA,31,35,32,33,131,830,1094,1027,1145,4096,110,166,180,226,682,304,429,428,550,1711,29,43,52,89,213,96,144,153,254,647,69,99,85,136,389,83,130,113,172,498,NA,NA,NA,NA,NA,110,165,160,190,625,90,127,99,100,416,30,55,67,46,198,7,10,14,21,52,NA,NA,NA,NA,NA,NA,NA,NA,NA,NA,318,474,497,677,1966,"foyera01",23.5,"Randy Foye"
"383","COLGATE","COLGATE","COLGATE",NA,NA,30,29,28,NA,87,1063,1060,1055,NA,3178,207,228,277,NA,712,370,441,490,NA,1301,NA,0,1,NA,1,NA,3,7,NA,10,95,129,127,NA,351,190,264,261,NA,715,NA,NA,NA,NA,NA,371,364,368,NA,1103,36,44,54,NA,134,21,21,19,NA,61,147,165,180,NA,492,98,114,117,NA,329,76,77,60,NA,213,509,585,682,NA,1776,"foylead01",18.7,"Adonal Foyle"
"384","MARYLAND",NA,NA,NA,NA,34,NA,NA,NA,34,1044,NA,NA,NA,1044,205,NA,NA,NA,205,392,NA,NA,NA,392,45,NA,NA,NA,45,116,NA,NA,NA,116,124,NA,NA,NA,124,157,NA,NA,NA,157,NA,NA,NA,NA,NA,154,NA,NA,NA,154,152,NA,NA,NA,152,95,NA,NA,NA,95,6,NA,NA,NA,6,102,NA,NA,NA,102,95,NA,NA,NA,95,579,NA,NA,NA,579,"francst01",54.1,"Steve Francis"
"385","SANDIEGOST","SANDIEGOST","SANDIEGOST",NA,NA,21,32,32,NA,85,171,969,1058,NA,2198,24,173,165,NA,362,48,400,401,NA,849,7,51,40,NA,98,21,157,147,NA,325,9,160,171,NA,340,17,200,219,NA,436,15,57,56,NA,128,40,252,304,NA,596,10,47,105,NA,162,4,31,51,NA,86,5,20,26,NA,51,13,95,110,NA,218,18,81,83,NA,182,64,557,541,NA,1162,"frankja01",0,"Jamaal Franklin"
"386","BYU","BYU","BYU","BYU",NA,35,33,34,37,139,NA,NA,1059,1323,2382,83,184,225,346,838,204,383,491,765,1843,43,52,77,124,296,128,136,175,313,752,35,116,224,252,627,41,137,251,282,711,NA,NA,25,24,49,37,98,105,127,367,61,135,159,160,515,27,50,41,49,167,3,3,5,1,12,41,85,93,131,350,NA,NA,36,49,85,244,536,751,1068,2599,"fredeji01",2.4,"Jimmer Fredette"
"387","VANDY","VANDY","VANDY","VANDY",NA,27,32,29,33,121,645,939,903,985,3472,98,171,178,185,632,197,367,402,446,1412,23,33,65,62,183,59,97,185,174,515,61,109,99,175,444,77,142,124,222,565,NA,NA,NA,NA,NA,120,164,129,178,591,16,35,33,30,114,5,25,26,23,79,28,11,11,21,71,NA,NA,NA,NA,NA,NA,NA,NA,NA,NA,280,484,520,607,1891,"freijma01",-0.6,"Matt Freije"
"388","ARIZONA","ARIZONA","ARIZONA","ARIZONA",NA,34,32,30,37,133,814,814,910,1148,3686,122,165,193,227,707,205,290,352,410,1257,0,0,3,3,6,0,1,5,17,23,80,73,89,127,369,110,110,113,153,486,NA,NA,NA,NA,NA,214,257,222,282,975,25,23,56,72,176,16,18,17,35,86,50,60,63,85,258,NA,NA,NA,NA,NA,NA,NA,NA,NA,NA,324,403,478,584,1789,"fryech01",38.2,"Channing Frye"
"389","NCSTATE","NCSTATE","NCSTATE","NCSTATE",NA,27,30,27,31,115,413,875,816,1044,3148,53,144,164,225,586,116,299,316,445,1176,1,0,0,16,17,2,4,6,43,55,34,67,116,183,400,44,89,138,229,500,NA,NA,NA,NA,NA,97,253,229,308,887,6,33,35,39,113,1,11,7,10,29,8,38,45,56,147,15,42,41,72,170,35,61,53,48,197,141,355,444,649,1589,"fulleto02",2.2,"Todd Fuller"
"390","WASHINGTON",NA,NA,NA,NA,25,NA,NA,NA,25,892,NA,NA,NA,892,209,NA,NA,NA,209,439,NA,NA,NA,439,52,NA,NA,NA,52,126,NA,NA,NA,126,109,NA,NA,NA,109,168,NA,NA,NA,168,33,NA,NA,NA,33,143,NA,NA,NA,143,148,NA,NA,NA,148,40,NA,NA,NA,40,30,NA,NA,NA,30,80,NA,NA,NA,80,63,NA,NA,NA,63,579,NA,NA,NA,579,"fultzma01",-0.1,"Markelle Fultz"
"391","INDIANA","OHIOST","OHIOST","OHIOST",NA,6,23,28,29,86,144,668,878,847,2537,28,115,186,188,517,57,210,349,345,961,NA,NA,1,2,3,NA,NA,3,7,10,14,51,84,63,212,27,78,135,106,346,NA,NA,NA,NA,NA,40,149,190,190,569,8,18,34,28,88,1,15,21,11,48,6,55,54,22,137,12,33,56,50,151,12,40,49,51,152,70,281,457,441,1249,"fundela01",12.9,"Lawrence Funderburke"
"392","UCLA","UCLA","UCLA","UCLA",NA,24,33,32,33,122,480,740,861,865,2946,88,140,156,164,548,163,248,292,296,999,0,0,0,0,0,0,0,0,1,1,31,39,63,58,191,62,101,139,123,425,NA,NA,NA,NA,NA,136,136,275,255,802,17,17,18,23,75,27,21,22,18,88,30,52,60,42,184,38,60,66,52,216,68,87,98,89,342,207,319,375,386,1287,"gadzuda01",15.8,"Dan Gadzuric"
"393","LOUISVILLE","LOUISVILLE","LOUISVILLE","LOUISVILLE",NA,31,30,32,32,125,921,946,1049,1030,3946,98,148,209,177,632,220,337,458,383,1398,19,40,91,75,225,61,94,241,192,588,66,81,164,145,456,86,120,205,197,608,NA,NA,NA,NA,NA,101,105,124,94,424,104,98,114,159,475,58,35,44,55,192,6,7,11,4,28,94,73,70,95,332,72,72,90,82,316,281,417,673,574,1945,"gainere01",-0.6,"Reece Gaines"
"394","CREIGHTON","CREIGHTON","CREIGHTON","CREIGHTON",NA,32,27,33,32,124,914,796,1111,1114,3935,163,171,240,237,811,313,303,437,419,1472,0,2,5,5,12,0,3,8,11,22,39,70,99,141,349,65,105,140,175,485,NA,NA,NA,NA,NA,168,177,266,280,891,19,23,46,41,129,10,16,23,22,71,27,24,62,70,183,63,44,86,111,304,106,80,108,98,392,365,414,584,620,1983,"gallach01",0.1,"Chad Gallagher"
"395","LOUISVILLE","LOUISVILLE","LOUISVILLE",NA,NA,32,28,38,NA,98,696,850,1211,NA,2757,126,149,187,NA,462,258,345,428,NA,1031,57,52,71,NA,180,134,160,194,NA,488,49,110,150,NA,309,55,138,171,NA,364,NA,NA,NA,NA,NA,94,127,158,NA,379,67,131,148,NA,346,28,52,65,NA,145,40,38,56,NA,134,NA,NA,NA,NA,NA,NA,NA,NA,NA,NA,358,460,595,NA,1413,"garcifr01",18.2,"Francisco Garcia"
"396","NOTREDAME","NOTREDAME","NOTREDAME","NOTREDAME",NA,27,27,30,27,111,744,893,1056,NA,2693,136,177,221,214,748,260,372,457,445,1534,7,14,39,40,100,18,51,102,108,279,82,96,152,159,489,107,140,196,212,655,NA,NA,NA,NA,NA,137,193,221,225,776,34,38,84,66,222,18,24,25,17,84,17,14,17,16,64,70,72,105,NA,247,77,83,78,NA,238,361,464,633,627,2085,"garripa01",18.7,"Pat Garrity"
"397","OLDDOM","OLDDOM","OLDDOM",NA,NA,27,26,32,NA,85,839,822,1002,NA,2663,239,207,251,NA,697,388,357,405,NA,1150,NA,NA,0,NA,0,NA,NA,1,NA,1,126,120,171,NA,417,179,179,247,NA,605,NA,NA,NA,NA,NA,244,259,356,NA,859,26,25,24,NA,75,37,48,62,NA,147,61,49,85,NA,195,78,76,90,NA,244,88,91,103,NA,282,604,534,673,NA,1811,"gatlich01",32.1,"Chris Gatling"
"398","UCONN","UCONN",NA,NA,NA,31,33,NA,NA,64,893,1015,NA,NA,1908,132,187,NA,NA,319,286,406,NA,NA,692,28,28,NA,NA,56,60,88,NA,NA,148,75,101,NA,NA,176,106,138,NA,NA,244,NA,NA,NA,NA,NA,168,210,NA,NA,378,48,68,NA,NA,116,25,58,NA,NA,83,59,52,NA,NA,111,NA,NA,NA,NA,NA,NA,NA,NA,NA,NA,367,503,NA,NA,870,"gayru01",49.5,"Rudy Gay"
"399","DUKE","SYRACUSE","SYRACUSE","SYRACUSE",NA,19,34,30,37,120,111,497,1050,1403,3061,11,35,138,225,409,20,92,300,488,900,4,15,49,91,159,10,43,125,233,411,7,31,56,106,200,7,48,98,160,313,5,21,35,40,101,16,60,150,151,377,3,41,107,159,310,3,25,56,70,154,1,7,10,13,31,8,17,64,105,194,19,56,84,98,257,33,116,381,647,1177,"gbinimi01",-0.1,"Michael Gbinije"
"400","ARIZONA","ARIZONA","ARIZONA","ARIZONA",NA,28,35,31,33,127,582,1026,853,1090,3551,44,94,69,108,315,104,209,167,250,730,7,27,36,45,115,31,89,94,117,331,22,45,19,63,149,48,75,44,86,253,NA,NA,NA,NA,NA,52,131,96,119,398,94,122,113,231,560,32,60,49,67,208,12,21,14,24,71,48,66,88,109,311,57,101,90,109,357,117,260,193,324,894,"gearyre01",0.6,"Reggie Geary"
"401","AUBURN","AUBURN","GATECH","GATECH",NA,30,28,27,35,120,597,807,711,952,3067,80,170,130,165,545,156,337,237,270,1000,NA,0,0,0,0,NA,4,3,2,9,33,106,49,84,272,50,154,73,119,396,NA,NA,NA,NA,NA,124,186,172,254,736,24,31,26,37,118,11,17,5,25,58,9,25,29,65,128,63,91,54,68,276,75,108,79,102,364,193,446,309,414,1362,"geigema01",28.4,"Matt Geiger"
"402","AUGSBURGMN","AUGSBURGMN","AUGSBURGMN","AUGSBURGMN",NA,17,25,26,28,96,500,766,751,969,2986,93,207,218,281,799,185,419,433,542,1579,17,43,43,45,148,40,129,134,128,431,55,109,185,163,512,78,152,246,213,689,NA,NA,NA,NA,NA,111,178,262,317,868,28,39,31,58,156,28,35,38,52,153,19,66,61,35,181,24,53,52,84,213,45,69,68,80,262,258,566,664,770,2258,"georgde01",18.2,"Devean George"
"403","FRESNOST","FRESNOST",NA,NA,NA,34,29,NA,NA,63,NA,962,NA,NA,962,166,154,NA,NA,320,353,363,NA,NA,716,63,59,NA,NA,122,141,167,NA,NA,308,92,120,NA,NA,212,132,132,NA,NA,264,NA,55,NA,NA,55,212,210,NA,NA,422,63,88,NA,NA,151,59,64,NA,NA,123,34,24,NA,NA,58,79,94,NA,NA,173,NA,84,NA,NA,84,487,487,NA,NA,974,"georgpa01",48.9,"Paul George"
"404","UCONN","UCONN","UCONN","UCONN",NA,26,34,31,37,128,962,1111,863,1090,4026,91,115,77,160,443,247,230,178,334,989,10,9,2,16,37,29,23,10,53,115,69,98,69,88,324,89,118,91,121,419,NA,NA,NA,NA,NA,93,99,104,131,427,156,190,152,179,677,35,44,48,74,201,9,5,5,10,29,68,77,71,77,293,81,74,81,87,323,261,337,225,424,1247,"georgta01",1.3,"Tate George"
"405","TEXAS","TEXAS",NA,NA,NA,31,37,NA,NA,68,1018,1228,NA,NA,2246,131,163,NA,NA,294,314,402,NA,NA,716,74,101,NA,NA,175,186,266,NA,NA,452,103,69,NA,NA,172,137,95,NA,NA,232,NA,NA,NA,NA,NA,112,133,NA,NA,245,121,116,NA,NA,237,55,49,NA,NA,104,8,12,NA,NA,20,NA,NA,NA,NA,NA,NA,NA,NA,NA,NA,439,496,NA,NA,935,"gibsoda01",16,"Daniel Gibson"
"406","USC","USC","USC",NA,NA,37,33,35,NA,105,NA,NA,NA,NA,NA,174,138,190,NA,502,312,238,316,NA,866,0,0,0,NA,0,0,0,0,NA,0,104,79,120,NA,303,167,133,182,NA,482,NA,NA,NA,NA,NA,321,259,316,NA,896,55,43,44,NA,142,20,23,34,NA,77,69,84,100,NA,253,NA,81,72,NA,153,NA,NA,NA,NA,NA,452,355,500,NA,1307,"gibsota01",42.2,"Taj Gibson"
"407","KANSAS","KANSAS","NMEXICO","NMEXICO",NA,33,30,26,33,122,854,831,785,1063,3533,141,111,156,210,618,297,275,354,407,1333,74,63,41,25,203,182,187,136,75,580,18,17,59,92,186,27,25,100,157,309,NA,NA,NA,NA,NA,119,114,169,290,692,28,41,60,103,232,24,25,22,47,118,20,22,13,39,94,NA,NA,NA,73,73,NA,NA,NA,NA,NA,374,302,412,537,1625,"giddejr01",0.1,"J.R. Giddens"
"409","ILLINOIS","ILLINOIS","ILLINOIS","ILLINOIS",NA,31,33,24,29,117,345,946,681,1000,2972,40,128,143,211,522,83,272,264,422,1041,0,21,38,23,82,1,69,83,66,219,34,67,46,136,283,53,89,58,175,375,NA,NA,NA,NA,NA,42,73,70,143,328,27,138,91,96,352,39,65,51,63,218,8,3,6,16,33,23,73,43,72,211,27,74,37,66,204,114,344,370,581,1409,"gillke01",47.8,"Kendall Gill"
"410","DELTAST","DELTAST","OLEMISS","OLEMISS",NA,31,33,30,30,124,NA,NA,1070,1108,2178,168,360,326,284,1138,303,595,613,580,2091,NA,7,41,46,94,NA,27,109,122,258,52,134,148,109,443,72,191,201,148,612,NA,NA,NA,NA,NA,203,414,255,229,1101,23,98,57,NA,178,26,61,89,70,246,26,46,29,30,131,35,84,88,93,300,88,NA,91,105,284,388,861,841,723,2813,"glassge01",1.8,"Gerald Glass"
"411","GATECH",NA,NA,NA,NA,33,NA,NA,NA,33,NA,NA,NA,NA,NA,222,NA,NA,NA,222,503,NA,NA,NA,503,45,NA,NA,NA,45,166,NA,NA,NA,166,119,NA,NA,NA,119,186,NA,NA,NA,186,NA,NA,NA,NA,NA,166,NA,NA,NA,166,86,NA,NA,NA,86,70,NA,NA,NA,70,8,NA,NA,NA,8,NA,NA,NA,NA,NA,NA,NA,NA,NA,NA,608,NA,NA,NA,608,"glovedi01",5.8,"Dion Glover"
"412","HOUSTON","HOUSTON",NA,NA,NA,30,27,NA,NA,57,1110,995,NA,NA,2105,139,144,NA,NA,283,313,366,NA,NA,679,25,37,NA,NA,62,88,123,NA,NA,211,124,138,NA,NA,262,158,171,NA,NA,329,NA,NA,NA,NA,NA,92,100,NA,NA,192,170,164,NA,NA,334,103,58,NA,NA,161,5,1,NA,NA,6,57,96,NA,NA,153,68,66,NA,NA,134,427,463,NA,NA,890,"goldwan01",6.4,"Anthony Goldwire"
"413","PROVIDENCE","PROVIDENCE","PROVIDENCE","PROVIDENCE",NA,24,32,29,31,116,756,1152,1008,1161,4077,132,213,192,247,784,236,397,379,498,1510,0,0,29,52,81,3,3,87,137,230,68,163,134,124,489,111,194,154,161,620,NA,NA,NA,NA,NA,188,311,274,255,1028,37,66,67,100,270,33,55,46,47,181,16,25,4,5,50,NA,NA,NA,NA,NA,NA,NA,NA,NA,NA,332,589,547,670,2138,"gomesry01",19.4,"Ryan Gomes"
"414","KANSAS","KANSAS","KANSAS",NA,NA,33,28,37,NA,98,686,761,1119,NA,2566,143,166,285,NA,594,317,322,566,NA,1205,5,4,10,NA,19,16,10,36,NA,62,60,105,154,NA,319,91,162,204,NA,457,NA,NA,NA,NA,NA,248,234,423,NA,905,36,47,73,NA,156,24,15,65,NA,104,25,29,53,NA,107,71,72,108,NA,251,74,76,91,NA,241,351,441,734,NA,1526,"goodedr01",43.9,"Drew Gooden"
"415","KENTUCKY",NA,NA,NA,NA,33,NA,NA,NA,33,1048,NA,NA,NA,1048,157,NA,NA,NA,157,357,NA,NA,NA,357,17,NA,NA,NA,17,64,NA,NA,NA,64,135,NA,NA,NA,135,212,NA,NA,NA,212,48,NA,NA,NA,48,152,NA,NA,NA,152,88,NA,NA,NA,88,36,NA,NA,NA,36,15,NA,NA,NA,15,101,NA,NA,NA,101,97,NA,NA,NA,97,466,NA,NA,NA,466,"goodwar01",1.1,"Archie Goodwin"
"416","ARIZONA",NA,NA,NA,NA,38,NA,NA,NA,38,1187,NA,NA,NA,1187,189,NA,NA,NA,189,382,NA,NA,NA,382,16,NA,NA,NA,16,45,NA,NA,NA,45,76,NA,NA,NA,76,180,NA,NA,NA,180,102,NA,NA,NA,102,303,NA,NA,NA,303,75,NA,NA,NA,75,34,NA,NA,NA,34,39,NA,NA,NA,39,55,NA,NA,NA,55,90,NA,NA,NA,90,470,NA,NA,NA,470,"gordoaa01",12.5,"Aaron Gordon"
"417","UCONN","UCONN","UCONN",NA,NA,34,33,39,NA,106,844,1101,1346,NA,3291,140,211,239,NA,590,315,476,551,NA,1342,62,80,104,NA,246,150,191,240,NA,581,85,143,141,NA,369,117,177,170,NA,464,NA,NA,NA,NA,NA,93,138,184,NA,415,105,156,176,NA,437,34,38,53,NA,125,6,7,6,NA,19,NA,NA,NA,NA,NA,NA,NA,NA,NA,NA,427,645,723,NA,1795,"gordobe01",33.3,"Ben Gordon"
"418","INDIANA",NA,NA,NA,NA,32,NA,NA,NA,32,1110,NA,NA,NA,1110,184,NA,NA,NA,184,425,NA,NA,NA,425,70,NA,NA,NA,70,208,NA,NA,NA,208,231,NA,NA,NA,231,277,NA,NA,NA,277,NA,NA,NA,NA,NA,104,NA,NA,NA,104,78,NA,NA,NA,78,42,NA,NA,NA,42,20,NA,NA,NA,20,115,NA,NA,NA,115,NA,NA,NA,NA,NA,669,NA,NA,NA,669,"gordoer01",28.7,"Eric Gordon"
"419","CHARLESTON","CHARLESTON","CHARLESTON","CHARLESTON",NA,33,36,34,37,140,NA,NA,1210,1302,2512,167,221,250,318,956,358,481,554,699,2092,73,95,97,131,396,173,216,247,322,958,27,65,61,110,263,31,75,74,134,314,NA,NA,25,25,50,83,90,148,143,464,69,67,131,157,424,33,26,38,33,130,6,11,13,7,37,55,69,68,119,311,NA,NA,58,66,124,434,602,658,877,2571,"goudean01",0,"Andrew Goudelock"
"420","INDIANA","INDIANA","INDIANA","INDIANA",NA,29,34,34,35,132,609,648,893,1116,3266,89,106,132,180,507,189,208,263,327,987,12,7,32,57,108,31,29,75,111,246,91,77,140,160,468,117,111,189,194,611,NA,NA,NA,NA,NA,76,87,137,112,412,59,53,90,102,304,23,35,46,47,151,13,6,9,8,36,54,55,59,66,234,54,66,72,71,263,281,296,436,577,1590,"grahagr01",1.3,"Greg Graham"
"421","CFLORIDA","CFLORIDA","OKSTATE","OKSTATE",NA,31,29,35,33,128,632,832,864,1009,3337,91,134,171,201,597,192,263,297,380,1132,11,20,14,26,71,52,52,29,55,188,69,98,78,157,402,82,128,110,177,497,NA,NA,NA,NA,NA,117,163,183,204,667,33,70,40,67,210,27,20,23,30,100,7,15,6,5,33,NA,NA,NA,NA,NA,NA,NA,NA,NA,NA,262,386,434,585,1667,"grahajo01",7.8,"Joey Graham"
"422","BRADLEY","BRADLEY","NMEXICO","NMEXICO",NA,29,14,22,30,95,712,380,703,900,2695,111,99,136,183,529,249,191,277,349,1066,3,6,24,45,78,17,20,72,104,213,98,65,133,154,450,124,95,175,204,598,NA,NA,NA,NA,NA,207,111,197,266,781,21,16,46,71,154,37,19,29,63,148,70,19,31,60,180,NA,NA,NA,NA,NA,NA,NA,NA,NA,NA,323,269,429,565,1586,"grangda01",48.5,"Danny Granger"
"423","XAVIER","XAVIER","XAVIER","XAVIER",NA,32,26,30,28,116,932,729,944,894,3499,135,117,223,181,656,236,203,341,324,1104,NA,NA,NA,1,1,NA,NA,NA,3,3,100,74,110,122,406,144,127,159,171,601,NA,NA,NA,NA,NA,273,237,283,287,1080,20,23,46,47,136,29,19,23,27,98,25,26,29,47,127,77,66,60,67,270,108,79,66,74,327,370,308,556,485,1719,"grantbr01",54.5,"Brian Grant"
"424","TRENTONST","TRENTONST","TRENTONST",NA,NA,26,27,32,NA,85,NA,912,1077,NA,1989,263,302,387,NA,952,543,537,742,NA,1822,43,52,76,NA,171,83,105,186,NA,374,171,171,194,NA,536,220,204,239,NA,663,NA,NA,NA,NA,NA,104,69,75,NA,248,NA,NA,NA,NA,NA,79,83,148,NA,310,1,5,2,NA,8,82,68,90,NA,240,71,60,66,NA,197,740,827,1044,NA,2611,"grantgr01",1.6,"Greg Grant"
"425","SYRACUSE","SYRACUSE",NA,NA,NA,40,32,NA,NA,72,572,1005,NA,NA,1577,54,133,NA,NA,187,117,268,NA,NA,385,6,0,NA,NA,6,15,5,NA,NA,20,41,120,NA,NA,161,73,178,NA,NA,251,46,78,NA,NA,124,118,217,NA,NA,335,18,44,NA,NA,62,17,26,NA,NA,43,18,18,NA,NA,36,26,37,NA,NA,63,54,75,NA,NA,129,155,386,NA,NA,541,"grantje01",8,"Jerami Grant"
"426","BOSTONCOLL","BOSTONCOLL","BOSTONCOLL","WISCONSIN",NA,30,33,25,28,116,502,370,312,765,1949,65,44,46,129,284,130,90,89,261,570,NA,NA,0,0,0,NA,NA,1,1,2,21,20,27,92,160,31,34,35,129,229,NA,NA,NA,NA,NA,106,72,66,145,389,8,10,7,21,46,4,3,5,14,26,16,22,15,34,87,41,28,27,62,158,76,52,44,82,254,151,108,119,350,728,"grantpa01",-0.1,"Paul Grant"
"427","PITT","PITT","PITT","PITT",NA,15,29,33,36,113,88,336,920,1016,2360,11,49,170,204,434,20,85,323,361,789,0,0,0,0,0,0,0,0,0,0,4,28,118,91,241,7,46,186,166,405,NA,NA,NA,NA,NA,22,82,345,341,790,6,20,60,61,147,0,5,21,15,41,3,16,49,62,130,NA,NA,NA,NA,NA,NA,NA,NA,NA,NA,26,126,458,499,1109,"grayaa01",6.2,"Aaron Gray"
"428","TENNESSEE","CALIFORNIA","CALIFORNIA",NA,NA,27,28,26,NA,81,848,703,824,NA,2375,149,146,224,NA,519,405,339,486,NA,1230,49,40,38,NA,127,176,119,126,NA,421,57,106,158,NA,321,81,134,200,NA,415,NA,NA,NA,NA,NA,97,73,105,NA,275,49,44,56,NA,149,41,41,44,NA,126,5,7,6,NA,18,45,59,87,NA,191,78,71,68,NA,217,404,438,644,NA,1486,"grayed01",0.1,"Ed Gray"
"429","UNC","UNC","UNC","UNC",NA,31,37,39,38,145,NA,NA,NA,NA,NA,81,65,161,184,491,187,158,343,391,1079,27,24,56,77,184,76,81,150,184,491,42,39,69,52,202,53,46,79,61,239,NA,NA,NA,NA,NA,116,103,193,178,590,33,42,77,104,256,21,24,48,67,160,32,25,46,51,154,NA,NA,74,63,137,NA,NA,NA,NA,NA,231,193,447,497,1368,"greenda02",32.1,"Danny Green"
"430","SYRACUSE",NA,NA,NA,NA,35,NA,NA,NA,35,1253,NA,NA,NA,1253,218,NA,NA,NA,218,521,NA,NA,NA,521,90,NA,NA,NA,90,261,NA,NA,NA,261,94,NA,NA,NA,94,133,NA,NA,NA,133,NA,NA,NA,NA,NA,251,NA,NA,NA,251,71,NA,NA,NA,71,45,NA,NA,NA,45,57,NA,NA,NA,57,91,NA,NA,NA,91,NA,NA,NA,NA,NA,620,NA,NA,NA,620,"greendo01",1.5,"Donte Greene"
"431","MICHIGANST","MICHIGANST","MICHIGANST","MICHIGANST",NA,37,37,34,37,145,NA,945,1023,1229,3197,45,139,147,212,543,81,265,345,472,1163,0,2,37,52,91,1,16,101,134,252,32,86,97,125,340,52,128,142,173,495,NA,81,84,79,244,122,286,294,394,1096,31,112,141,141,425,21,45,60,54,180,9,34,38,35,116,24,62,79,112,277,NA,111,114,105,330,122,366,428,601,1517,"greendr01",37,"Draymond Green"
"432","VATECH","VATECH","VATECH","VATECH",NA,34,32,31,32,129,423,988,1071,1166,3648,29,132,170,261,592,99,319,388,550,1356,11,26,42,61,140,40,105,112,157,414,19,80,101,218,418,28,103,122,267,520,7,19,18,15,59,31,73,101,127,332,31,86,88,121,326,17,56,41,42,156,7,9,4,6,26,25,38,46,69,178,38,74,52,44,208,88,370,483,801,1742,"greener01",0.1,"Erick Green"
"433","GEORGETOWN","GEORGETOWN","GEORGETOWN",NA,NA,32,33,37,NA,102,1083,1073,1232,NA,3388,146,143,196,NA,485,291,321,382,NA,994,24,29,36,NA,89,60,92,96,NA,248,102,78,100,NA,280,146,125,129,NA,400,NA,NA,NA,NA,NA,212,216,236,NA,664,93,108,117,NA,318,31,31,30,NA,92,52,32,43,NA,127,NA,NA,NA,NA,NA,NA,NA,NA,NA,NA,418,393,528,NA,1339,"greenje02",35.1,"Jeff Green"
"434","GEORGIA","GEORGIA","GEORGIA","GEORGIA",NA,31,28,28,29,116,998,889,839,976,3702,144,160,187,183,674,356,384,423,448,1611,48,49,56,62,215,122,128,151,143,544,145,121,146,136,548,187,171,188,198,744,NA,NA,NA,NA,NA,57,75,72,87,291,133,120,98,115,466,32,37,45,33,147,3,4,3,4,14,85,77,76,75,313,71,76,56,66,269,481,490,576,564,2111,"greenli01",1.6,"Litterial Green"
"435","FLORIDA","FLORIDA","ULALA","ULALA",NA,31,31,18,24,104,591,737,464,775,2567,35,63,68,92,258,99,145,150,237,631,13,20,30,34,97,52,66,83,106,307,21,14,22,62,119,28,22,32,82,164,NA,NA,NA,NA,NA,72,88,82,113,355,85,89,54,98,326,NA,NA,NA,NA,NA,NA,NA,NA,NA,NA,NA,NA,NA,NA,NA,NA,NA,NA,NA,NA,104,160,188,280,732,"greenor01",-0.7,"Orien Greene"
"436","NCSTATE","IONA","IONA","IONA",NA,7,23,28,30,88,89,570,1012,1069,2740,12,119,215,265,611,32,291,508,550,1381,7,26,52,53,138,17,87,158,155,417,2,37,71,113,223,3,55,104,149,311,NA,NA,NA,NA,NA,7,93,139,155,394,0,14,26,42,82,2,34,47,51,134,0,6,13,18,37,6,38,75,75,194,9,41,55,61,166,33,301,553,696,1583,"greense01",-1.3,"Sean Green"
"437","FLORIDA","FLORIDA","FLORIDA",NA,NA,32,39,40,NA,111,606,1302,1328,NA,3236,33,130,154,NA,317,89,355,347,NA,791,16,88,82,NA,186,47,229,202,NA,478,42,171,141,NA,354,54,193,166,NA,413,NA,NA,NA,NA,NA,31,115,96,NA,242,69,184,147,NA,400,31,51,42,NA,124,1,5,1,NA,7,NA,NA,NA,NA,NA,NA,NA,NA,NA,NA,124,519,531,NA,1174,"greenta01",-0.1,"Taurean Green"
"438","DETROIT","DETROIT","DETROIT","DETROIT",NA,32,33,29,30,124,800,1012,888,1021,3721,91,167,147,244,649,218,352,341,498,1409,26,32,25,37,120,68,86,88,99,341,61,70,77,153,361,75,97,115,190,477,NA,NA,NA,NA,NA,83,166,122,148,519,60,80,55,75,270,22,32,23,40,117,10,3,9,13,35,49,66,63,68,246,62,82,75,71,290,269,436,396,678,1779,"greenwi01",12.9,"Willie Green"
"439","OKLAHOMA","OKLAHOMA",NA,NA,NA,33,35,NA,NA,68,NA,NA,NA,NA,NA,184,300,NA,NA,484,324,459,NA,NA,783,0,3,NA,NA,3,2,8,NA,NA,10,116,191,NA,NA,307,197,324,NA,NA,521,NA,NA,NA,NA,NA,301,504,NA,NA,805,61,80,NA,NA,141,33,39,NA,NA,72,28,41,NA,NA,69,76,116,NA,NA,192,NA,NA,NA,NA,NA,484,794,NA,NA,1278,"griffbl01",64.9,"Blake Griffin"
"440","SETONHALL",NA,NA,NA,NA,30,NA,NA,NA,30,979,NA,NA,NA,979,206,NA,NA,NA,206,480,NA,NA,NA,480,41,NA,NA,NA,41,128,NA,NA,NA,128,80,NA,NA,NA,80,109,NA,NA,NA,109,NA,NA,NA,NA,NA,323,NA,NA,NA,323,49,NA,NA,NA,49,26,NA,NA,NA,26,133,NA,NA,NA,133,67,NA,NA,NA,67,71,NA,NA,NA,71,533,NA,NA,NA,533,"griffed01",10.9,"Eddie Griffin"
"441","OKLAHOMA","OKLAHOMA","OKLAHOMA","OKLAHOMA",NA,27,31,35,36,129,NA,NA,NA,NA,NA,29,70,74,125,298,56,175,173,233,637,0,2,6,5,13,2,21,22,14,59,27,54,73,91,245,34,81,95,130,340,NA,NA,NA,NA,NA,75,161,171,210,617,13,42,30,48,133,16,24,29,47,116,8,29,25,36,98,NA,NA,42,62,104,NA,NA,NA,NA,NA,85,196,227,346,854,"griffta01",0,"Taylor Griffin"
"442","NCSTATE","NCSTATE","NCSTATE","NCSTATE",NA,21,30,31,30,112,171,886,1123,1107,3287,18,135,170,240,563,42,268,340,534,1184,1,23,66,93,183,2,47,166,233,448,19,41,65,102,227,29,61,101,149,340,NA,NA,NA,NA,NA,35,211,281,293,820,5,47,87,92,231,10,48,53,62,173,1,12,34,15,62,9,54,67,109,239,17,81,73,76,247,56,334,471,675,1536,"guglito01",40.2,"Tom Gugliotta"
"443","INDIANA","INDIANA","INDIANA","INDIANA",NA,33,32,34,29,128,1107,NA,1158,995,3260,157,188,198,204,747,361,402,435,444,1642,56,79,76,72,283,145,180,187,172,684,80,82,71,90,323,94,107,94,114,409,NA,NA,NA,NA,NA,110,112,117,90,429,129,118,88,68,403,40,36,22,29,127,17,8,14,13,52,71,NA,78,69,218,42,NA,42,27,111,450,537,543,570,2100,"guytoaj01",0.3,"A.J. Guyton"
"444","ILLINOIS","EVANSVILLE","EVANSVILLE","EVANSVILLE",NA,29,27,29,31,116,201,1010,1017,1124,3352,20,165,144,263,592,62,382,313,489,1246,NA,73,74,98,245,NA,192,163,214,569,9,80,81,136,306,16,88,96,151,351,NA,NA,NA,NA,NA,16,90,96,137,339,16,72,93,77,258,2,37,36,35,110,2,5,12,11,30,9,63,52,77,201,16,72,93,77,258,49,483,443,760,1735,"haffnsc01",-0.1,"Scott Haffner"
"445","OREGON","OREGON","OREGON","OREGON",NA,27,32,27,31,117,830,1056,793,976,3655,145,175,116,176,612,285,372,222,335,1214,23,47,23,52,145,69,124,54,120,367,42,82,50,101,275,89,119,82,138,428,NA,NA,NA,NA,NA,135,151,162,150,598,52,69,57,66,244,15,15,18,19,67,9,20,16,26,71,NA,NA,NA,55,55,NA,NA,NA,NA,NA,355,479,305,505,1644,"hairsma01",0.8,"Malik Hairston"
"446","UNC","UNC",NA,NA,NA,37,34,NA,NA,71,482,804,NA,NA,1286,61,159,NA,NA,220,198,369,NA,NA,567,38,89,NA,NA,127,139,225,NA,NA,364,52,88,NA,NA,140,62,113,NA,NA,175,28,65,NA,NA,93,81,147,NA,NA,228,28,46,NA,NA,74,14,43,NA,NA,57,6,14,NA,NA,20,27,39,NA,NA,66,54,64,NA,NA,118,212,495,NA,NA,707,"hairspj02",0.9,"P.J. Hairston"
"447","TENNESSEE","TENNESSEE","TENNESSEE",NA,NA,31,33,25,NA,89,251,435,839,NA,1525,52,63,161,NA,276,88,122,311,NA,521,9,14,15,NA,38,17,39,46,NA,102,22,53,80,NA,155,39,70,111,NA,220,NA,NA,NA,NA,NA,57,83,167,NA,307,0,17,24,NA,41,8,9,11,NA,28,21,51,44,NA,116,21,22,51,NA,94,41,89,86,NA,216,135,193,417,NA,745,"haislma01",0.5,"Marcus Haislip"
"448","TENNESSEE","TENNESSEE","TENNESSEE","TENNESSEE",NA,26,24,25,29,104,553,620,773,956,2902,74,119,138,187,518,136,206,261,325,928,NA,3,NA,NA,3,NA,11,NA,NA,11,33,93,98,155,379,52,116,153,252,573,NA,NA,NA,NA,NA,119,139,220,272,750,7,20,14,30,71,8,12,6,11,37,24,24,35,39,122,25,43,65,85,218,65,59,66,84,274,181,334,374,529,1418,"hamerst01",0.2,"Steve Hamer"
"449","UCONN","UCONN",NA,NA,NA,35,36,NA,NA,71,1100,1147,NA,NA,2247,139,159,NA,NA,298,366,411,NA,NA,777,46,47,NA,NA,93,134,142,NA,NA,276,56,86,NA,NA,142,84,100,NA,NA,184,37,33,NA,NA,70,267,321,NA,NA,588,128,170,NA,NA,298,33,38,NA,NA,71,13,15,NA,NA,28,81,85,NA,NA,166,86,66,NA,NA,152,380,451,NA,NA,831,"hamilda02",0.1,"Daniel Hamilton"
"450","TEXAS","TEXAS",NA,NA,NA,34,36,NA,NA,70,676,1159,NA,NA,1835,123,243,NA,NA,366,300,552,NA,NA,852,58,90,NA,NA,148,159,234,NA,NA,393,37,95,NA,NA,132,64,122,NA,NA,186,34,72,NA,NA,106,126,276,NA,NA,402,50,76,NA,NA,126,27,31,NA,NA,58,12,23,NA,NA,35,47,77,NA,NA,124,43,64,NA,NA,107,341,671,NA,NA,1012,"hamiljo02",3,"Jordan Hamilton"
"451","IOWAST","IOWAST","LSU",NA,NA,32,31,33,NA,96,NA,663,990,NA,1653,57,74,158,NA,289,100,120,320,NA,540,0,0,3,NA,3,0,0,12,NA,12,21,49,107,NA,177,32,70,137,NA,239,NA,83,109,NA,192,94,167,238,NA,499,5,10,30,NA,45,3,8,25,NA,36,17,33,43,NA,93,14,30,57,NA,101,NA,71,83,NA,154,135,197,426,NA,758,"hamilju01",3.7,"Justin Hamilton"
"452","UCONN","UCONN","UCONN",NA,NA,32,37,34,NA,103,980,NA,1091,NA,2071,174,270,247,NA,691,451,614,557,NA,1622,70,99,68,NA,237,186,245,196,NA,627,91,156,170,NA,417,116,185,204,NA,505,NA,NA,NA,NA,NA,138,163,163,NA,464,88,87,91,NA,266,40,54,40,NA,134,11,8,9,NA,28,95,NA,82,NA,177,76,NA,56,NA,132,509,795,732,NA,2036,"hamilri01",62.8,"Richard Hamilton"
"454","LSU","LSU","LSU","LSU",NA,25,27,29,31,112,203,228,235,970,1636,19,44,27,190,280,41,104,67,382,594,NA,0,NA,0,0,NA,1,NA,3,4,11,36,15,108,170,27,44,29,148,248,NA,NA,NA,NA,NA,54,78,79,325,536,4,11,12,61,88,4,7,7,30,48,3,2,6,30,41,16,23,25,96,160,44,31,37,90,202,49,124,69,488,730,"hammige01",0.1,"Geert Hammink"
"455","PURDUE","PURDUE","PURDUE","PURDUE",NA,34,31,34,33,132,786,775,827,813,3201,140,117,157,199,613,283,228,291,336,1138,0,0,0,6,6,0,5,7,11,23,79,101,91,90,361,116,144,136,127,523,82,73,82,77,314,204,230,226,270,930,21,15,31,37,104,11,13,17,9,50,67,96,96,84,343,55,78,73,65,271,69,91,87,78,325,359,335,405,494,1593,"hammoaj01",0,"A.J. Hammons"
"456","GATECH","GATECH","GATECH","GATECH",NA,34,29,30,30,123,1112,1088,1076,1111,4387,168,206,229,250,853,276,362,403,465,1506,NA,NA,NA,1,1,NA,NA,NA,3,3,80,59,109,126,374,98,74,132,163,467,NA,NA,NA,NA,NA,219,208,216,242,885,37,41,40,51,169,14,12,19,14,59,11,15,20,26,72,61,72,74,56,263,81,62,59,77,279,416,471,567,627,2081,"hammoto01",14.7,"Tom Hammonds"
"457","KANSAS",NA,NA,NA,NA,34,NA,NA,NA,34,703,NA,NA,NA,703,103,NA,NA,NA,103,190,NA,NA,NA,190,0,NA,NA,NA,0,1,NA,NA,NA,1,50,NA,NA,NA,50,76,NA,NA,NA,76,NA,NA,NA,NA,NA,154,NA,NA,NA,154,46,NA,NA,NA,46,40,NA,NA,NA,40,7,NA,NA,NA,7,40,NA,NA,NA,40,60,NA,NA,NA,60,256,NA,NA,NA,256,"hancoda01",1.1,"Darrin Hancock"
"459","UNC","UNC","UNC","UNC",NA,31,38,39,34,142,NA,NA,NA,NA,NA,199,228,289,223,939,349,434,535,434,1752,2,1,0,9,12,4,4,7,23,38,187,242,304,249,982,253,315,377,296,1241,NA,NA,NA,NA,NA,243,301,399,276,1219,40,45,35,34,154,38,41,59,42,180,23,17,14,12,66,NA,NA,83,63,146,NA,NA,NA,NA,NA,587,699,882,704,2872,"hansbty01",20.2,"Tyler Hansbrough"
"460","UTVALLEYST","BYU","BYU","BYU",NA,31,24,30,32,117,NA,398,933,1025,2356,117,49,148,169,483,258,120,340,383,1101,29,5,35,36,105,71,17,83,106,277,84,28,138,163,413,116,39,182,204,541,NA,NA,NA,NA,NA,162,73,187,152,574,112,27,46,77,262,NA,15,19,29,63,NA,4,13,20,37,NA,17,68,84,169,NA,49,97,97,243,347,131,469,537,1484,"hansetr01",0.2,"Travis Hansen"
"461","NOTREDAME","NOTREDAME","NOTREDAME","NOTREDAME",NA,32,33,34,30,129,NA,NA,NA,989,989,133,259,300,244,936,290,518,653,507,1968,0,3,14,25,42,1,9,38,81,129,93,151,178,140,562,114,198,229,178,719,NA,NA,NA,67,67,197,351,401,273,1222,38,55,70,47,210,28,26,31,14,99,15,29,31,20,95,NA,76,62,54,192,NA,NA,NA,70,70,359,672,792,653,2476,"haranlu01",0.9,"Luke Harangody"
"462","MEMPHIS","MEMPHIS",NA,NA,NA,34,32,NA,NA,66,1224,1196,NA,NA,2420,209,249,NA,NA,458,483,522,NA,NA,1005,69,73,NA,NA,142,190,220,NA,NA,410,103,158,NA,NA,261,158,206,NA,NA,364,NA,NA,NA,NA,NA,237,273,NA,NA,510,188,204,NA,NA,392,86,76,NA,NA,162,45,39,NA,NA,84,125,109,NA,NA,234,92,86,NA,NA,178,590,729,NA,NA,1319,"hardaan01",61.9,"Anfernee Hardaway"
"463","UTEP","UTEP","UTEP","UTEP",NA,28,31,32,33,124,435,922,1036,1182,3575,37,120,159,255,571,71,245,354,509,1179,NA,3,18,48,69,NA,12,53,131,196,41,67,98,169,375,63,101,130,228,522,NA,NA,NA,NA,NA,35,62,93,131,321,53,148,183,179,563,24,68,77,93,262,3,6,8,8,25,27,61,72,89,249,50,92,76,79,297,115,310,434,727,1586,"hardati01",85,"Tim Hardaway"
"464","MICHIGAN","MICHIGAN","MICHIGAN",NA,NA,35,34,38,NA,107,1074,1162,1324,NA,3560,159,167,201,NA,527,379,400,460,NA,1239,76,53,73,NA,202,207,187,195,NA,589,91,108,77,NA,276,119,151,111,NA,381,27,26,9,NA,62,133,130,177,NA,440,59,73,93,NA,225,34,16,26,NA,76,5,11,17,NA,33,45,66,71,NA,182,68,71,73,NA,212,485,495,552,NA,1532,"hardati02",12.4,"Tim Hardaway"
"465","ARIZONAST","ARIZONAST",NA,NA,NA,34,35,NA,NA,69,NA,NA,NA,NA,NA,196,221,NA,NA,417,372,452,NA,NA,824,44,58,NA,NA,102,108,163,NA,NA,271,169,204,NA,NA,373,224,270,NA,NA,494,NA,NA,NA,NA,NA,179,195,NA,NA,374,110,148,NA,NA,258,73,59,NA,NA,132,19,11,NA,NA,30,89,118,NA,NA,207,NA,NA,NA,NA,NA,605,704,NA,NA,1309,"hardeja01",99.3,"James Harden"
"467","STJOHNS",NA,NA,NA,NA,32,NA,NA,NA,32,1155,NA,NA,NA,1155,193,NA,NA,NA,193,427,NA,NA,NA,427,17,NA,NA,NA,17,79,NA,NA,NA,79,94,NA,NA,NA,94,139,NA,NA,NA,139,88,NA,NA,NA,88,276,NA,NA,NA,276,47,NA,NA,NA,47,51,NA,NA,NA,51,45,NA,NA,NA,45,80,NA,NA,NA,80,74,NA,NA,NA,74,497,NA,NA,NA,497,"harklma01",13.7,"Maurice Harkless"
"468","RICHMOND","RICHMOND","RICHMOND","RICHMOND",NA,29,36,35,37,137,NA,NA,874,1178,2052,36,116,140,245,537,80,282,290,459,1111,16,44,42,77,179,43,131,122,172,468,7,54,49,94,204,17,80,72,118,287,NA,NA,57,62,119,39,167,189,256,651,4,20,35,43,102,6,20,27,23,76,6,30,31,46,113,13,55,48,56,172,NA,NA,82,82,164,95,330,371,661,1457,"harpeju01",-0.3,"Justin Harper"
"469","GATECH","GATECH","GATECH","GATECH",NA,29,36,27,32,124,966,1328,1015,NA,3309,121,233,169,230,753,250,457,410,504,1621,28,66,65,52,211,73,154,190,168,585,81,138,110,179,508,110,181,163,221,675,NA,NA,NA,NA,NA,180,293,222,302,997,68,79,60,82,289,39,63,32,44,178,7,5,10,7,29,62,88,97,NA,247,66,89,70,NA,225,351,670,513,691,2225,"harprma01",41.9,"Matt Harpring"
"470","KENTUCKY","KENTUCKY","KENTUCKY",NA,NA,34,22,38,NA,94,NA,88,1083,NA,1171,46,12,127,NA,185,103,26,208,NA,337,5,2,2,NA,9,15,4,10,NA,29,26,2,33,NA,61,36,2,56,NA,94,NA,9,140,NA,149,85,27,329,NA,441,9,0,30,NA,39,9,2,35,NA,46,20,7,57,NA,84,26,6,28,NA,60,NA,8,91,NA,99,123,28,289,NA,440,"harrejo01",2.1,"Josh Harrellson"
"471","LOUISVILLE","LOUISVILLE","LOUISVILLE",NA,NA,40,37,35,NA,112,649,1083,1229,NA,2961,97,223,213,NA,533,168,366,376,NA,910,0,2,9,NA,11,0,3,37,NA,40,32,71,114,NA,217,63,153,191,NA,407,63,120,111,NA,294,145,311,321,NA,777,8,45,49,NA,102,20,38,33,NA,91,27,49,42,NA,118,23,53,69,NA,145,51,89,74,NA,214,226,519,549,NA,1294,"harremo01",7,"Montrezl Harrell"
"472","KENTUCKY","KENTUCKY",NA,NA,NA,40,39,NA,NA,79,1267,994,NA,NA,2261,121,101,NA,NA,222,330,267,NA,NA,597,33,36,NA,NA,69,94,94,NA,NA,188,159,126,NA,NA,285,208,159,NA,NA,367,32,13,NA,NA,45,126,87,NA,NA,213,159,139,NA,NA,298,21,40,NA,NA,61,9,8,NA,NA,17,109,64,NA,NA,173,119,70,NA,NA,189,434,364,NA,NA,798,"harrian01",2.3,"Andrew Harrison"
"473","COLORADO","COLORADO","COLORADO",NA,NA,27,32,29,NA,88,656,908,916,NA,2480,139,164,186,NA,489,218,300,295,NA,813,0,0,0,NA,0,0,0,1,NA,1,97,117,125,NA,339,173,208,232,NA,613,NA,NA,NA,NA,NA,188,265,254,NA,707,11,16,25,NA,52,15,22,17,NA,54,34,106,85,NA,225,NA,NA,NA,NA,NA,NA,NA,NA,NA,NA,375,445,497,NA,1317,"harrida01",3.2,"David Harrison"
"474","WISCONSIN","WISCONSIN","WISCONSIN",NA,NA,32,32,32,NA,96,1094,1100,1162,NA,3356,117,132,189,NA,438,283,285,412,NA,980,59,53,75,NA,187,161,137,201,NA,499,101,90,171,NA,362,130,119,216,NA,465,NA,NA,NA,NA,NA,105,147,139,NA,391,56,98,141,NA,295,43,65,56,NA,164,18,18,4,NA,40,NA,NA,NA,NA,NA,NA,NA,NA,NA,NA,394,407,624,NA,1425,"harride01",52.2,"Devin Harris"
"475","MICHIGANST","MICHIGANST",NA,NA,NA,34,35,NA,NA,69,1010,1131,NA,NA,2141,150,195,NA,NA,345,329,455,NA,NA,784,65,81,NA,NA,146,158,230,NA,NA,388,74,115,NA,NA,189,98,142,NA,NA,240,30,37,NA,NA,67,86,140,NA,NA,226,46,94,NA,NA,140,45,63,NA,NA,108,6,15,NA,NA,21,51,60,NA,NA,111,68,73,NA,NA,141,439,586,NA,NA,1025,"harriga01",12,"Gary Harris"
"476","VIRGINIA","VIRGINIA","VIRGINIA","VIRGINIA",NA,31,32,35,37,135,910,969,1139,1066,4084,107,121,191,149,568,256,274,408,338,1276,65,49,77,72,263,156,129,181,180,646,44,71,111,73,299,58,92,150,114,414,35,29,30,22,116,135,124,141,109,509,39,55,76,84,254,27,23,31,35,116,11,12,17,8,48,49,46,70,48,213,69,68,82,88,307,323,362,570,443,1698,"harrijo01",3.1,"Joe Harris"
"477","LONGBEACH","LONGBEACH","LONGBEACH","LONGBEACH",NA,32,28,30,32,122,945,940,1132,1166,4183,147,181,197,251,776,342,457,418,478,1695,45,50,43,73,211,136,153,117,177,583,118,140,127,164,549,170,200,173,212,755,NA,NA,NA,NA,NA,152,131,129,169,581,52,69,97,79,297,49,47,46,58,200,5,2,8,7,22,52,79,59,66,256,63,63,68,49,243,457,552,564,739,2312,"harrilu01",28.7,"Lucious Harris"
"478","GEORGETOWN","GEORGETOWN","GEORGETOWN","GEORGETOWN",NA,33,31,31,37,132,1075,897,767,983,3722,205,152,132,161,650,358,276,236,288,1158,NA,NA,NA,NA,NA,NA,NA,NA,NA,NA,144,151,115,129,539,193,206,163,174,736,NA,NA,NA,NA,NA,291,248,187,257,983,32,36,25,44,137,28,22,27,29,106,48,51,44,58,201,89,92,80,65,326,96,100,87,91,374,554,455,379,451,1839,"harriot01",23.1,"Othella Harrington"
"479","TENNESSEE",NA,NA,NA,NA,34,NA,NA,NA,34,993,NA,NA,NA,993,185,NA,NA,NA,185,402,NA,NA,NA,402,23,NA,NA,NA,23,76,NA,NA,NA,76,128,NA,NA,NA,128,170,NA,NA,NA,170,67,NA,NA,NA,67,247,NA,NA,NA,247,44,NA,NA,NA,44,24,NA,NA,NA,24,29,NA,NA,NA,29,62,NA,NA,NA,62,70,NA,NA,NA,70,521,NA,NA,NA,521,"harrito02",29.9,"Tobias Harris"
"480","SYRACUSE","SYRACUSE","SYRACUSE","SYRACUSE",NA,32,35,33,32,132,1142,NA,1068,1083,3293,113,120,167,125,525,298,328,407,304,1337,23,25,53,38,139,70,96,145,115,426,58,91,71,94,314,84,133,96,128,441,NA,NA,NA,NA,NA,113,126,98,96,433,184,174,143,208,709,90,79,101,59,329,2,3,6,3,14,99,NA,103,111,313,85,NA,100,78,263,307,356,458,382,1503,"hartja01",8.6,"Jason Hart"
"481","VILLANOVA","VILLANOVA","VILLANOVA","VILLANOVA",NA,34,36,40,36,146,728,917,1255,1193,4093,87,124,230,236,677,174,241,448,463,1326,26,52,55,74,207,83,112,154,183,532,65,65,103,127,360,96,97,137,170,500,62,65,74,51,252,151,161,270,230,812,30,53,77,106,266,19,40,46,56,161,9,14,10,10,43,19,38,66,71,194,83,76,87,81,327,265,365,618,673,1921,"hartjo01",1.4,"Josh Hart"
"482","FLORIDA",NA,NA,NA,NA,37,NA,NA,NA,37,746,NA,NA,NA,746,144,NA,NA,NA,144,284,NA,NA,NA,284,0,NA,NA,NA,0,1,NA,NA,NA,1,86,NA,NA,NA,86,141,NA,NA,NA,141,NA,NA,NA,NA,NA,258,NA,NA,NA,258,37,NA,NA,NA,37,27,NA,NA,NA,27,31,NA,NA,NA,31,60,NA,NA,NA,60,101,NA,NA,NA,101,374,NA,NA,NA,374,"harvedo01",4.7,"Donnell Harvey"
"484","OREGONST","OREGONST","OREGONST","OREGONST",NA,24,29,31,27,111,279,693,907,834,2713,29,93,226,176,524,59,187,369,338,953,NA,NA,NA,NA,NA,NA,NA,NA,NA,NA,16,51,106,98,271,28,65,136,152,381,NA,NA,NA,NA,NA,59,140,201,220,620,4,19,35,19,77,5,10,9,15,39,11,42,68,51,172,21,31,59,69,180,56,103,86,80,325,74,237,558,450,1319,"haskisc01",0.3,"Scott Haskin"
"485","AUSTINPEAY","AUSTINPEAY","AUSTINPEAY",NA,NA,27,25,32,NA,84,963,868,1213,NA,3044,166,167,246,NA,579,369,352,507,NA,1228,42,27,53,NA,122,136,82,136,NA,354,107,91,148,NA,346,140,118,186,NA,444,NA,NA,NA,NA,NA,251,185,249,NA,685,102,129,144,NA,375,26,25,39,NA,90,27,13,15,NA,55,95,67,121,NA,283,53,34,67,NA,154,481,452,693,NA,1626,"hassetr01",13.8,"Trenton Hassell"
"486","INDIANA","INDIANA","INDIANA",NA,NA,34,29,33,NA,96,760,794,1018,NA,2572,133,168,243,NA,544,259,339,552,NA,1150,0,0,26,NA,26,0,2,69,NA,71,70,108,114,NA,292,93,148,166,NA,407,NA,NA,NA,NA,NA,220,240,288,NA,748,30,40,41,NA,111,20,24,36,NA,80,28,36,40,NA,104,56,60,79,NA,195,79,83,93,NA,255,336,444,626,NA,1406,"hastoki01",-0.5,"Kirk Haston"
"487","WASHINGTON",NA,NA,NA,NA,31,NA,NA,NA,31,896,NA,NA,NA,896,193,NA,NA,NA,193,363,NA,NA,NA,363,1,NA,NA,NA,1,3,NA,NA,NA,3,74,NA,NA,NA,74,98,NA,NA,NA,98,NA,NA,NA,NA,NA,197,NA,NA,NA,197,60,NA,NA,NA,60,16,NA,NA,NA,16,54,NA,NA,NA,54,NA,NA,NA,NA,NA,NA,NA,NA,NA,NA,461,NA,NA,NA,461,"hawessp01",22.6,"Spencer Hawes"
"488","WCAROLINA","GEORGIA","GEORGIA",NA,NA,28,29,27,NA,84,784,980,872,NA,2636,178,212,185,NA,575,420,470,368,NA,1258,54,49,54,NA,157,149,150,127,NA,426,69,65,69,NA,203,90,85,88,NA,263,NA,NA,NA,NA,NA,151,152,119,NA,422,28,45,54,NA,127,46,34,31,NA,111,13,14,12,NA,39,48,60,38,NA,146,73,52,64,NA,189,479,538,493,NA,1510,"hayesja01",10.2,"Jarvis Hayes"
"489","BUTLER","BUTLER",NA,NA,NA,32,37,NA,NA,69,NA,1239,NA,NA,1239,125,173,NA,NA,298,261,373,NA,NA,634,69,47,NA,NA,116,154,160,NA,NA,314,101,179,NA,NA,280,124,216,NA,NA,340,NA,72,NA,NA,72,207,305,NA,NA,512,63,62,NA,NA,125,48,40,NA,NA,88,30,30,NA,NA,60,53,85,NA,NA,138,NA,78,NA,NA,78,420,572,NA,NA,992,"haywago01",43.1,"Gordon Hayward"
"490","MARQUETTE","MARQUETTE","MARQUETTE","MARQUETTE",NA,34,35,35,34,138,NA,NA,NA,1097,1097,83,158,204,222,667,194,333,435,514,1476,10,41,53,65,169,48,91,148,186,473,48,92,109,107,356,72,119,133,127,451,NA,NA,NA,72,72,124,228,302,256,910,10,21,39,52,122,20,39,35,64,158,3,13,9,18,43,NA,63,65,67,195,NA,NA,NA,115,115,224,449,570,616,1859,"haywala01",0.2,"Lazar Hayward"
"491","UNC","UNC","UNC","UNC",NA,38,34,36,33,141,NA,1035,1071,901,3007,35,160,191,155,541,66,247,274,262,849,0,0,0,0,0,0,0,0,0,0,40,88,106,95,329,63,131,179,184,557,NA,NA,NA,NA,NA,91,235,271,242,839,6,33,37,42,118,12,10,7,18,47,33,60,91,120,304,NA,66,68,66,200,NA,96,108,97,301,110,408,488,405,1411,"haywobr01",43.8,"Brendan Haywood"
"492","ILLINOIS","ILLINOIS","ILLINOIS","ILLINOIS",NA,35,25,29,39,128,581,509,863,1297,3250,63,68,107,214,452,124,131,239,462,956,16,28,49,116,209,55,66,143,283,547,14,34,56,78,182,25,46,72,99,242,NA,NA,NA,NA,NA,67,71,110,155,403,59,42,75,150,326,34,27,30,67,158,5,3,6,9,23,NA,NA,NA,NA,NA,NA,NA,NA,NA,NA,156,198,319,622,1295,"headlu01",14.7,"Luther Head"
"493","INDIANA","INDIANA","INDIANA","INDIANA",NA,33,30,30,31,124,783,737,983,1093,3596,151,130,198,284,763,297,267,373,476,1413,1,1,2,2,6,4,6,6,10,26,80,72,136,159,447,121,113,207,251,692,NA,NA,NA,NA,NA,238,243,308,302,1091,17,27,36,54,134,32,35,39,42,148,50,43,56,64,213,32,45,60,89,226,84,74,90,97,345,383,333,534,729,1979,"hendeal01",28,"Alan Henderson"
"494","MEMPHIS","MEMPHIS","MEMPHIS","MEMPHIS",NA,28,34,30,31,123,902,1061,877,1069,3909,160,174,146,184,664,344,395,297,441,1477,18,23,30,25,96,67,77,77,95,316,45,67,57,104,273,75,115,93,151,434,NA,NA,NA,NA,NA,142,172,120,203,637,52,48,38,43,181,30,40,45,60,175,29,37,16,32,114,77,81,68,101,327,76,84,74,90,324,383,438,379,497,1697,"hendece02",3.3,"Cedric Henderson"
"495","DUKE","DUKE","DUKE",NA,NA,32,34,37,NA,103,NA,NA,NA,NA,NA,87,156,213,NA,456,193,329,473,NA,995,8,20,41,NA,69,25,63,122,NA,210,37,101,143,NA,281,59,151,188,NA,398,NA,NA,NA,NA,NA,92,160,183,NA,435,35,56,91,NA,182,16,39,46,NA,101,10,31,28,NA,69,NA,68,80,NA,148,NA,NA,NA,NA,NA,219,433,610,NA,1262,"hendege02",18.3,"Gerald Henderson"
"496","UCLA","UCLA","UCLA","UCLA",NA,33,29,32,33,127,752,902,991,NA,2645,123,159,167,228,677,225,278,306,425,1234,3,1,4,4,12,10,3,7,14,34,56,99,114,166,435,83,146,193,260,682,NA,NA,NA,NA,NA,138,202,219,259,818,44,55,58,48,205,27,33,42,40,142,17,11,26,14,68,59,62,91,NA,212,82,77,87,NA,246,305,418,452,626,1801,"hendejr01",-0.2,"J.R. Henderson"
"497","WASHST","WASHST","WASHST","WASHST",NA,27,28,30,23,108,927,889,991,763,3570,119,96,183,127,525,214,198,292,222,926,12,12,14,8,46,23,35,34,31,123,89,90,104,117,400,125,126,131,165,547,NA,NA,NA,NA,NA,217,222,269,219,927,50,46,38,37,171,24,19,18,20,81,8,11,10,5,34,53,50,67,65,235,85,91,89,70,335,339,294,484,379,1496,"hendrma01",2.1,"Mark Hendrickson"
"498","KANSAS",NA,NA,NA,NA,36,NA,NA,NA,36,990,NA,NA,NA,990,162,NA,NA,NA,162,354,NA,NA,NA,354,69,NA,NA,NA,69,165,NA,NA,NA,165,90,NA,NA,NA,90,115,NA,NA,NA,115,43,NA,NA,NA,43,157,NA,NA,NA,157,53,NA,NA,NA,53,54,NA,NA,NA,54,18,NA,NA,NA,18,69,NA,NA,NA,69,66,NA,NA,NA,66,483,NA,NA,NA,483,"henryxa01",0.8,"Xavier Henry"
"499","UNC","UNC","UNC",NA,NA,37,37,35,NA,109,586,989,1019,NA,2594,88,182,205,NA,475,181,364,410,NA,955,4,1,0,NA,5,18,6,0,NA,24,32,68,69,NA,169,73,141,135,NA,349,60,120,89,NA,269,164,374,348,NA,886,34,30,44,NA,108,27,22,20,NA,69,58,118,101,NA,277,45,76,45,NA,166,39,65,55,NA,159,212,433,479,NA,1124,"hensojo01",16.2,"John Henson"
"500","KANSASST","KANSASST","KANSASST","KANSASST",NA,31,34,30,32,127,950,1243,1123,1158,4474,75,79,192,181,527,190,184,413,406,1193,26,42,79,93,240,64,83,177,213,537,57,111,92,101,361,69,120,100,112,401,NA,NA,NA,NA,NA,63,81,81,85,310,114,186,141,141,582,50,35,43,62,190,2,7,0,0,9,70,71,80,73,294,91,70,69,81,311,233,311,555,556,1655,"hensost01",3.8,"Steve Henson"
"501","JACKSONVIL","HOUSTON",NA,NA,NA,28,33,NA,NA,61,NA,1023,NA,NA,1023,261,188,NA,NA,449,459,333,NA,NA,792,11,3,NA,NA,14,20,8,NA,NA,28,180,172,NA,NA,352,238,214,NA,NA,452,NA,NA,NA,NA,NA,370,302,NA,NA,672,62,54,NA,NA,116,NA,49,NA,NA,49,NA,65,NA,NA,65,NA,66,NA,NA,66,NA,92,NA,NA,92,713,551,NA,NA,1264,"herreca01",9,"Carl Herrera"
"502","BOSTONCOLL","FRESNOST","FRESNOST","FRESNOST",NA,1,32,29,25,87,21,971,NA,685,1677,3,194,162,91,450,4,408,347,223,982,0,68,54,44,166,0,188,149,115,452,8,104,75,58,245,8,159,133,85,385,NA,NA,NA,NA,NA,2,74,67,41,184,6,146,138,181,471,3,59,54,25,141,0,4,1,1,6,3,93,NA,69,165,0,103,NA,64,167,14,560,453,284,1311,"herrech01",0.5,"Chris Herren"
"503","GEORGETOWN","GEORGETOWN","GEORGETOWN","GEORGETOWN",NA,32,33,37,34,136,507,793,975,894,3169,60,148,186,179,573,128,251,277,294,950,0,0,0,3,3,0,0,0,3,3,43,86,105,93,327,65,119,153,144,481,NA,NA,NA,NA,NA,111,227,254,216,808,30,44,39,63,176,11,8,18,18,55,40,54,90,75,259,NA,NA,NA,57,57,NA,NA,NA,NA,NA,163,382,477,454,1476,"hibbero01",35.9,"Roy Hibbert"
"504","NCSTATE",NA,NA,NA,NA,31,NA,NA,NA,31,890,NA,NA,NA,890,163,NA,NA,NA,163,276,NA,NA,NA,276,0,NA,NA,NA,0,1,NA,NA,NA,1,132,NA,NA,NA,132,195,NA,NA,NA,195,NA,NA,NA,NA,NA,262,NA,NA,NA,262,31,NA,NA,NA,31,22,NA,NA,NA,22,47,NA,NA,NA,47,83,NA,NA,NA,83,NA,NA,NA,NA,NA,458,NA,NA,NA,458,"hicksjj01",21.9,"J.J. Hickson"
"505","OKLAHOMA","OKLAHOMA","OKLAHOMA","OKLAHOMA",NA,27,33,35,37,132,679,1059,1135,1309,4182,81,196,205,301,783,209,440,498,601,1748,19,90,93,147,349,80,233,259,322,894,30,63,107,176,376,36,84,130,200,450,49,58,56,46,209,113,146,190,212,661,50,62,67,75,254,33,46,47,42,168,7,5,8,18,38,44,60,68,113,285,50,72,61,76,259,211,545,610,925,2291,"hieldbu01",2.2,"Buddy Hield"
"506","MICHIGAN","MICHIGAN","MICHIGAN",NA,NA,12,34,26,NA,72,228,782,728,NA,1738,48,158,142,NA,348,96,312,302,NA,710,10,51,43,NA,104,20,110,102,NA,232,11,54,37,NA,102,14,70,46,NA,130,NA,NA,NA,NA,NA,38,107,93,NA,238,13,51,59,NA,123,3,10,11,NA,24,0,11,11,NA,22,16,60,53,NA,129,24,76,60,NA,160,117,421,364,NA,902,"higgise01",0.4,"Sean Higgins"
"507","IUPUI","IUPUI","IUPUI","IUPUI",NA,29,29,5,32,95,824,1019,142,1179,3164,114,175,27,220,536,218,338,53,404,1013,21,16,4,49,90,51,50,13,109,223,61,182,15,199,457,86,228,23,245,582,NA,NA,NA,NA,NA,131,173,27,216,547,65,105,10,137,317,41,49,8,57,155,7,9,0,13,29,NA,NA,NA,94,94,NA,NA,NA,NA,NA,310,548,73,688,1619,"hillge01",55.5,"George Hill"
"508","DUKE","DUKE","DUKE","DUKE",NA,36,33,26,34,129,887,1000,822,1213,3922,160,182,185,218,745,310,298,320,472,1400,1,0,4,39,44,2,1,14,100,117,81,99,94,116,390,133,135,126,165,559,NA,NA,NA,NA,NA,185,187,166,233,771,79,134,72,176,461,51,39,64,64,218,30,27,36,40,133,74,80,63,102,319,79,91,61,85,316,402,463,468,591,1924,"hillgr01",99.9,"Grant Hill"
"509","VILLANOVA","VILLANOVA","VILLANOVA","VILLANOVA",NA,29,34,34,35,132,524,1015,991,1007,3537,47,117,157,170,491,126,290,323,386,1125,21,39,70,79,209,72,124,169,204,569,23,113,102,82,320,30,153,142,103,428,13,12,30,16,71,71,96,124,109,400,28,56,90,74,248,13,56,44,63,176,8,10,17,12,47,22,66,76,42,206,51,77,68,78,274,138,386,486,501,1511,"hillida01",0.2,"Darrun Hilliard"
"510","ARIZONA","ARIZONA","ARIZONA",NA,NA,29,34,34,NA,97,NA,NA,NA,NA,NA,58,184,252,NA,494,89,297,469,NA,855,0,0,0,NA,0,0,0,0,NA,0,21,82,117,NA,220,47,120,179,NA,346,NA,NA,NA,NA,NA,118,270,375,NA,763,3,27,50,NA,80,6,17,30,NA,53,26,56,58,NA,140,NA,72,97,NA,169,NA,NA,NA,NA,NA,137,450,621,NA,1208,"hilljo01",16.4,"Jordan Hill"
"511","ARIZONA","ARIZONA","ARIZONA","ARIZONA",NA,31,38,35,35,139,785,957,1134,1154,4030,74,104,151,158,487,151,214,302,345,1012,4,17,37,57,115,18,48,95,146,307,55,78,113,95,341,78,100,156,124,458,48,65,76,61,250,136,179,271,187,773,52,66,91,95,304,19,32,36,40,127,4,7,18,20,49,63,64,86,77,290,86,86,91,76,339,207,303,452,468,1430,"hillso01",8.7,"Solomon Hill"
"512","XAVIER","XAVIER","XAVIER","XAVIER",NA,31,30,33,32,126,881,858,1094,1063,3896,95,172,235,250,752,172,309,388,430,1299,NA,NA,NA,0,0,NA,NA,NA,2,2,84,114,155,146,499,125,153,221,222,721,NA,NA,NA,NA,NA,261,314,403,402,1380,7,21,45,49,122,14,18,44,31,107,15,8,24,21,68,62,69,112,98,341,113,102,105,99,419,274,458,625,646,2003,"hillty01",56.2,"Tyrone Hill"
"513","KANSAS","KANSAS","KANSAS","KANSAS",NA,34,33,37,37,141,726,1079,1142,1241,4188,69,116,198,232,615,161,232,366,488,1247,25,55,66,89,235,80,109,138,219,546,25,91,84,88,288,34,108,104,125,371,NA,NA,NA,NA,NA,82,134,177,139,532,123,229,186,130,668,35,43,59,69,206,17,9,15,16,57,87,111,99,83,380,102,107,95,78,382,188,378,546,641,1753,"hinriki01",52.5,"Kirk Hinrich"
"514","NMEXICO",NA,NA,NA,NA,35,NA,NA,NA,35,1175,NA,NA,NA,1175,193,NA,NA,NA,193,439,NA,NA,NA,439,39,NA,NA,NA,39,108,NA,NA,NA,108,130,NA,NA,NA,130,199,NA,NA,NA,199,74,NA,NA,NA,74,324,NA,NA,NA,324,160,NA,NA,NA,160,44,NA,NA,NA,44,15,NA,NA,NA,15,104,NA,NA,NA,104,68,NA,NA,NA,68,555,NA,NA,NA,555,"hobsoda01",-0.2,"Darington Hobson"
"515","TEMPLE","TEMPLE",NA,NA,NA,31,34,NA,NA,65,1118,1187,NA,NA,2305,164,147,NA,NA,311,303,275,NA,NA,578,NA,NA,NA,NA,NA,NA,NA,NA,NA,NA,139,101,NA,NA,240,195,141,NA,NA,336,NA,NA,NA,NA,NA,253,234,NA,NA,487,22,35,NA,NA,57,26,23,NA,NA,49,23,30,NA,NA,53,73,55,NA,NA,128,81,83,NA,NA,164,467,395,NA,NA,862,"hodgedo01",1.8,"Donald Hodge"
"516","NCSTATE","NCSTATE","NCSTATE","NCSTATE",NA,33,31,31,34,129,907,1093,1081,1177,4258,115,164,189,197,665,260,374,373,400,1407,33,41,26,14,114,95,125,72,55,347,89,179,159,169,596,120,219,192,253,784,NA,NA,NA,NA,NA,160,190,198,225,773,71,109,112,162,454,31,39,43,48,161,10,23,25,24,82,NA,NA,NA,NA,NA,NA,NA,NA,NA,NA,352,548,563,577,2040,"hodgeju01",0,"Julius Hodge"
"517","IOWAST","IOWAST","IOWAST","IOWAST",NA,34,31,27,34,126,1037,1018,971,1252,4278,161,127,177,207,672,281,231,331,473,1316,13,22,59,89,183,50,60,131,216,457,75,84,133,174,466,93,103,154,202,552,NA,NA,NA,NA,NA,181,194,181,192,748,85,93,97,75,350,65,56,47,39,207,6,1,3,5,15,58,52,58,63,231,76,48,46,44,214,410,360,546,677,1993,"hoibefr01",27.6,"Fred Hoiberg"
"518","FRESNOST","SANDIEGOST","SANDIEGOST",NA,NA,32,28,33,NA,93,419,863,1067,NA,2349,63,163,220,NA,446,128,388,426,NA,942,8,19,12,NA,39,19,65,40,NA,124,30,99,106,NA,235,53,145,167,NA,365,NA,NA,NA,NA,NA,93,185,296,NA,574,18,40,57,NA,115,15,24,24,NA,63,15,19,32,NA,66,NA,NA,NA,NA,NA,NA,NA,NA,NA,NA,164,444,558,NA,1166,"holcora01",0,"Randy Holcomb"
"519","UCLA",NA,NA,NA,NA,35,NA,NA,NA,35,NA,NA,NA,NA,NA,112,NA,NA,NA,112,249,NA,NA,NA,249,27,NA,NA,NA,27,88,NA,NA,NA,88,45,NA,NA,NA,45,62,NA,NA,NA,62,NA,NA,NA,NA,NA,132,NA,NA,NA,132,129,NA,NA,NA,129,55,NA,NA,NA,55,18,NA,NA,NA,18,75,NA,NA,NA,75,NA,NA,NA,NA,NA,296,NA,NA,NA,296,"holidjr01",29.9,"Jrue Holiday"
"520","ARIZONA","ARIZONA",NA,NA,NA,38,38,NA,NA,76,960,1090,NA,NA,2050,121,138,NA,NA,259,247,275,NA,NA,522,2,6,NA,NA,8,10,29,NA,NA,39,103,145,NA,NA,248,151,205,NA,NA,356,83,77,NA,NA,160,215,260,NA,NA,475,55,59,NA,NA,114,28,44,NA,NA,72,40,32,NA,NA,72,44,59,NA,NA,103,92,94,NA,NA,186,347,427,NA,NA,774,"holliro01",6.8,"Rondae Hollis-Jefferson"
"521","UCLA","UCLA","UCLA","UCLA",NA,24,28,28,33,113,401,711,460,710,2282,38,64,40,83,225,64,117,76,134,391,0,0,1,0,1,0,0,1,0,1,28,54,44,65,191,57,93,65,108,323,NA,NA,NA,NA,NA,85,119,94,157,455,5,15,10,10,40,6,12,0,7,25,21,28,23,29,101,NA,NA,NA,NA,NA,NA,NA,NA,NA,NA,104,182,125,231,642,"holliry01",10.4,"Ryan Hollins"
"522","BOWLGREEN","BOWLGREEN","BOWLGREEN",NA,NA,32,32,31,NA,95,602,1024,892,NA,2518,88,150,165,NA,403,139,296,293,NA,728,0,12,18,NA,30,2,40,43,NA,85,31,113,109,NA,253,50,160,153,NA,363,76,86,88,NA,250,159,245,248,NA,652,7,29,26,NA,62,17,36,22,NA,75,73,88,83,NA,244,25,58,60,NA,143,66,90,77,NA,233,207,425,457,NA,1089,"holmeri01",6.3,"Richaun Holmes"
"523","TULANE","TULANE","TULANE","TULANE",NA,29,33,32,31,125,935,1161,1099,1002,4197,161,204,214,212,791,400,457,532,491,1880,37,43,45,68,193,131,138,154,204,627,85,120,103,126,434,125,182,161,178,646,NA,NA,NA,NA,NA,194,246,229,201,870,56,112,120,131,419,51,54,55,75,235,36,36,46,45,163,94,129,118,137,478,77,76,72,80,305,444,571,576,618,2209,"honeyje01",0.3,"Jerald Honeycutt"
"524","UCLA","UCLA",NA,NA,NA,26,33,NA,NA,59,719,1154,NA,NA,1873,69,144,NA,NA,213,139,355,NA,NA,494,10,55,NA,NA,65,29,152,NA,NA,181,39,78,NA,NA,117,65,106,NA,NA,171,53,50,NA,NA,103,169,238,NA,NA,407,70,93,NA,NA,163,39,29,NA,NA,68,31,67,NA,NA,98,63,100,NA,NA,163,60,52,NA,NA,112,187,421,NA,NA,608,"honeyty01",-0.1,"Tyler Honeycutt"
"525","MISSST","DUKE",NA,NA,NA,32,35,NA,NA,67,1050,1150,NA,NA,2200,127,191,NA,NA,318,287,412,NA,NA,699,47,71,NA,NA,118,129,169,NA,NA,298,27,109,NA,NA,136,41,135,NA,NA,176,31,29,NA,NA,60,153,138,NA,NA,291,64,75,NA,NA,139,13,25,NA,NA,38,14,9,NA,NA,23,30,54,NA,NA,84,41,91,NA,NA,132,328,562,NA,NA,890,"hoodro01",11.7,"Rodney Hood"
"526","FLORIDA","FLORIDA","FLORIDA",NA,NA,32,39,38,NA,109,730,1011,1057,NA,2798,61,177,186,NA,424,127,291,306,NA,724,0,0,0,NA,0,0,2,2,NA,4,57,88,130,NA,275,98,144,202,NA,444,NA,NA,NA,NA,NA,209,295,360,NA,864,28,77,82,NA,187,26,40,28,NA,94,51,68,70,NA,189,NA,NA,NA,NA,NA,NA,NA,NA,NA,NA,179,442,502,NA,1123,"horfoal01",75.9,"Al Horford"
"527","ALABAMA","ALABAMA","ALABAMA","ALABAMA",NA,31,35,32,35,133,590,1022,959,1185,3756,79,164,133,196,572,185,351,296,417,1249,4,50,33,42,129,13,117,98,120,348,38,79,82,120,319,59,104,102,165,430,NA,NA,NA,NA,NA,156,217,260,296,929,35,9,56,88,188,22,54,38,54,168,37,51,77,121,286,36,77,74,102,289,72,92,104,100,368,200,457,381,554,1592,"horryro01",66.3,"Robert Horry"
"528","IOWA","IOWA","IOWA","IOWA",NA,30,35,34,33,132,382,707,794,1054,2937,44,106,160,250,560,104,228,301,453,1086,NA,NA,NA,NA,NA,NA,NA,NA,NA,NA,22,61,65,103,251,50,104,117,181,452,NA,NA,NA,NA,NA,117,197,213,350,877,NA,NA,NA,NA,NA,13,15,24,29,81,7,13,6,13,39,37,66,83,127,313,79,91,116,103,389,110,273,385,604,1372,"hortoed01",0.4,"Ed Horton"
"529","ARIZONAST","ARIZONAST","ARIZONAST","ARIZONAST",NA,30,32,30,32,124,886,NA,1106,1189,3181,151,143,206,263,763,363,331,477,623,1794,57,55,65,73,250,179,137,167,200,683,18,22,91,137,268,28,29,115,164,336,NA,NA,NA,NA,NA,84,96,147,175,502,108,93,93,111,405,59,64,61,74,258,8,6,3,2,19,39,NA,84,72,195,66,NA,87,66,219,377,363,568,736,2044,"houseed01",20,"Eddie House"
"530","TENNESSEE","TENNESSEE","TENNESSEE","TENNESSEE",NA,30,34,34,30,128,1083,1212,1236,1075,4606,203,265,223,211,902,465,550,492,454,1961,83,99,82,82,346,192,231,196,198,817,120,177,189,165,651,149,205,225,188,767,NA,NA,NA,NA,NA,88,104,180,145,517,127,131,110,92,460,36,37,32,28,133,11,16,15,8,50,101,128,94,84,407,70,68,69,67,274,609,806,717,669,2801,"houstal01",55.3,"Allan Houston"
"531","OKSTATE","OKSTATE","OKSTATE","OKSTATE",NA,30,31,32,34,127,842,1030,1084,1157,4113,140,189,250,249,828,240,358,436,467,1501,NA,0,3,22,25,NA,6,4,79,89,111,196,223,168,698,149,268,300,240,957,NA,NA,NA,NA,NA,251,309,336,294,1190,32,48,67,62,209,23,45,42,49,159,65,66,42,50,223,76,101,99,103,379,110,102,107,113,432,391,574,726,688,2379,"houstby01",3.9,"Byron Houston"
"532","WAKE","WAKE","WAKE","WAKE",NA,36,29,31,31,127,896,790,848,1002,3536,128,143,170,204,645,278,292,337,428,1335,12,18,26,53,109,42,46,79,142,309,63,89,65,145,362,108,130,99,174,511,NA,NA,NA,NA,NA,168,171,240,257,836,64,52,64,59,239,44,58,49,64,215,33,32,30,48,143,61,65,67,82,275,103,91,90,89,373,331,393,431,606,1761,"howarjo01",38,"Josh Howard"
"533","MICHIGAN","MICHIGAN","MICHIGAN",NA,NA,34,36,30,NA,100,956,1095,1020,NA,3071,150,206,261,NA,617,333,407,469,NA,1209,0,0,1,NA,1,2,2,7,NA,11,77,112,102,NA,291,112,160,151,NA,423,NA,NA,NA,NA,NA,212,267,266,NA,745,62,69,71,NA,202,15,21,44,NA,80,21,14,21,NA,56,99,92,78,NA,269,107,99,99,NA,305,377,524,625,NA,1526,"howarju01",59.4,"Juwan Howard"
"534","TNMARTIN","TNMARTIN",NA,NA,NA,33,32,NA,NA,65,NA,NA,NA,NA,NA,291,313,NA,NA,604,627,697,NA,NA,1324,124,106,NA,NA,230,320,299,NA,NA,619,141,148,NA,NA,289,169,168,NA,NA,337,NA,NA,NA,NA,NA,259,254,NA,NA,513,148,135,NA,NA,283,94,75,NA,NA,169,22,18,NA,NA,40,126,106,NA,NA,232,NA,NA,NA,NA,NA,847,880,NA,NA,1727,"hudsole01",0.2,"Lester Hudson"
"535","STANFORD","STANFORD","STANFORD","STANFORD",NA,28,37,34,36,135,276,742,1092,1266,3376,24,73,139,156,392,55,167,302,346,870,2,12,26,26,66,10,43,77,77,207,13,38,54,64,169,20,74,81,102,277,27,63,111,91,292,56,176,307,295,834,7,33,30,43,113,3,17,26,21,67,7,43,71,69,190,7,27,48,43,125,17,60,77,76,230,63,196,358,402,1019,"huestjo01",0.7,"Josh Huestis"
"536","STLOUIS",NA,NA,NA,NA,32,NA,NA,NA,32,NA,NA,NA,NA,NA,224,NA,NA,NA,224,540,NA,NA,NA,540,42,NA,NA,NA,42,145,NA,NA,NA,145,180,NA,NA,NA,180,260,NA,NA,NA,260,NA,NA,NA,NA,NA,162,NA,NA,NA,162,77,NA,NA,NA,77,69,NA,NA,NA,69,13,NA,NA,NA,13,NA,NA,NA,NA,NA,NA,NA,NA,NA,NA,670,NA,NA,NA,670,"hughela01",32.3,"Larry Hughes"
"537","PURDUE","PURDUE","PURDUE","PURDUE",NA,33,32,27,35,127,NA,NA,817,1128,1945,119,135,135,194,583,246,308,296,465,1315,42,59,43,72,216,94,155,118,188,555,96,71,110,113,390,111,94,122,137,464,NA,NA,44,55,99,201,223,187,251,862,84,62,56,66,268,43,36,29,23,131,22,20,28,42,112,46,32,28,32,138,NA,NA,57,73,130,376,400,423,573,1772,"hummero01",1.9,"Robbie Hummel"
"538","MINNESOTA",NA,NA,NA,NA,29,NA,NA,NA,29,990,NA,NA,NA,990,221,NA,NA,NA,221,498,NA,NA,NA,498,17,NA,NA,NA,17,50,NA,NA,NA,50,170,NA,NA,NA,170,229,NA,NA,NA,229,NA,NA,NA,NA,NA,294,NA,NA,NA,294,20,NA,NA,NA,20,27,NA,NA,NA,27,33,NA,NA,NA,33,NA,NA,NA,NA,NA,NA,NA,NA,NA,NA,629,NA,NA,NA,629,"humphkr01",30.3,"Kris Humphries"
"539","OKLAHOMA","OKLAHOMA","NOTREDAME","NOTREDAME",NA,32,31,29,31,123,NA,831,863,1103,2797,110,140,166,231,647,228,279,329,472,1308,0,0,5,3,8,1,0,15,6,22,73,63,73,122,331,133,141,140,204,618,NA,NA,NA,NA,NA,209,232,260,337,1038,18,19,41,80,158,27,24,21,33,105,58,61,79,87,285,NA,61,76,77,214,NA,112,72,83,267,293,343,410,587,1633,"humphry01",-0.4,"Ryan Humphrey"
"540","OHIO","OHIO","OHIO","OHIO",NA,33,30,26,30,119,905,988,842,1146,3881,149,181,159,217,706,290,355,325,415,1385,0,3,25,11,39,2,9,67,37,115,76,178,108,199,561,138,271,179,335,923,NA,NA,NA,NA,NA,206,282,237,378,1103,35,80,59,78,252,19,23,28,25,95,11,15,26,35,87,91,117,86,108,402,93,76,60,84,313,374,543,451,644,2012,"huntebr01",0.7,"Brandon Hunter"
"541","ALCORNST","JACKSONST","JACKSONST","JACKSONST",NA,27,30,28,34,119,624,1042,960,1152,3778,70,229,249,320,868,178,560,605,777,2120,4,86,95,112,297,21,235,257,328,841,23,82,100,155,360,32,118,157,201,508,NA,NA,NA,NA,NA,67,100,96,115,378,99,105,121,115,440,39,69,60,89,257,3,9,5,14,31,79,91,110,94,374,46,67,57,63,233,167,626,693,907,2393,"hunteli01",32.9,"Lindsey Hunter"
"542","GEORGIAST","GEORGIAST","GEORGIAST",NA,NA,31,33,35,NA,99,1038,1106,1294,NA,3438,175,181,203,NA,559,399,408,514,NA,1321,73,100,80,NA,253,200,253,262,NA,715,104,142,202,NA,448,134,161,230,NA,525,30,11,27,NA,68,158,151,165,NA,474,57,57,126,NA,240,53,63,75,NA,191,26,31,35,NA,92,52,39,77,NA,168,52,77,85,NA,214,527,604,688,NA,1819,"hunterj01",0.3,"R.J. Hunter"
"543","DEPAUL","DEPAUL",NA,NA,NA,33,30,NA,NA,63,744,808,NA,NA,1552,114,138,NA,NA,252,197,233,NA,NA,430,0,0,NA,NA,0,2,0,NA,NA,2,53,67,NA,NA,120,75,125,NA,NA,200,NA,NA,NA,NA,NA,128,169,NA,NA,297,9,15,NA,NA,24,6,5,NA,NA,11,56,72,NA,NA,128,57,44,NA,NA,101,71,70,NA,NA,141,281,343,NA,NA,624,"huntest01",10.6,"Steven Hunter"
"544","DUKE","DUKE","DUKE","DUKE",NA,38,39,31,32,140,1268,1353,1043,1138,4802,92,141,123,157,513,262,333,284,373,1252,41,76,59,88,264,115,188,140,209,652,110,83,105,143,441,143,114,133,178,568,NA,NA,NA,NA,NA,68,93,61,84,306,288,289,237,262,1076,69,51,35,49,204,1,3,1,1,6,166,151,109,108,534,96,100,64,60,320,335,441,410,545,1731,"hurlebo01",-1.2,"Bobby Hurley"
"545","ARIZONA","ARIZONA",NA,NA,NA,32,30,NA,NA,62,614,962,NA,NA,1576,69,136,NA,NA,205,181,302,NA,NA,483,9,23,NA,NA,32,44,73,NA,NA,117,59,93,NA,NA,152,88,118,NA,NA,206,NA,NA,NA,NA,NA,156,253,NA,NA,409,66,147,NA,NA,213,47,48,NA,NA,95,18,11,NA,NA,29,NA,NA,NA,NA,NA,NA,NA,NA,NA,NA,206,388,NA,NA,594,"iguodan01",90.8,"Andre Iguodala"
"546","DUKE",NA,NA,NA,NA,36,NA,NA,NA,36,1246,NA,NA,NA,1246,214,NA,NA,NA,214,484,NA,NA,NA,484,80,NA,NA,NA,80,195,NA,NA,NA,195,116,NA,NA,NA,116,170,NA,NA,NA,170,67,NA,NA,NA,67,244,NA,NA,NA,244,72,NA,NA,NA,72,41,NA,NA,NA,41,49,NA,NA,NA,49,72,NA,NA,NA,72,74,NA,NA,NA,74,624,NA,NA,NA,624,"ingrabr01",1.1,"Brandon Ingram"
"547","ARKANSAS","ARKANSAS","MISSOURI","MISSOURI",NA,33,28,30,36,127,512,658,805,1166,3141,74,107,132,227,540,155,239,257,427,1078,NA,NA,35,40,75,NA,NA,89,115,204,30,63,89,214,396,52,89,124,259,524,NA,NA,NA,NA,NA,58,79,104,168,409,40,46,79,115,280,20,31,32,64,147,1,2,6,8,17,35,53,48,82,218,45,63,60,76,244,178,277,388,708,1551,"irvinby01",2.1,"Byron Irvin"
"548","DUKE",NA,NA,NA,NA,11,NA,NA,NA,11,303,NA,NA,NA,303,55,NA,NA,NA,55,104,NA,NA,NA,104,18,NA,NA,NA,18,39,NA,NA,NA,39,64,NA,NA,NA,64,71,NA,NA,NA,71,6,NA,NA,NA,6,37,NA,NA,NA,37,47,NA,NA,NA,47,16,NA,NA,NA,16,6,NA,NA,NA,6,27,NA,NA,NA,27,23,NA,NA,NA,23,192,NA,NA,NA,192,"irvinky01",46.4,"Kyrie Irving"
"549","FLORIDAST",NA,NA,NA,NA,32,NA,NA,NA,32,839,NA,NA,NA,839,130,NA,NA,NA,130,256,NA,NA,NA,256,31,NA,NA,NA,31,89,NA,NA,NA,89,92,NA,NA,NA,92,118,NA,NA,NA,118,56,NA,NA,NA,56,251,NA,NA,NA,251,37,NA,NA,NA,37,37,NA,NA,NA,37,49,NA,NA,NA,49,48,NA,NA,NA,48,70,NA,NA,NA,70,383,NA,NA,NA,383,"isaacjo01",0.1,"Jonathan Isaac"
"550","PENNST","PENNST","STFRANPA","STFRANPA",NA,27,26,27,32,112,292,272,982,1169,2715,13,26,180,227,446,46,55,326,419,846,3,14,79,103,199,12,29,153,195,389,35,17,135,215,402,41,19,155,243,458,NA,NA,NA,NA,NA,32,15,67,97,211,30,31,130,127,318,6,7,27,30,70,0,0,0,1,1,24,13,59,79,175,31,20,52,58,161,64,83,574,772,1493,"iuzzomi01",3.7,"Mike Iuzzolino"
"551","GEORGETOWN","GEORGETOWN",NA,NA,NA,30,37,NA,NA,67,966,1213,NA,NA,2179,203,312,NA,NA,515,520,650,NA,NA,1170,35,87,NA,NA,122,151,238,NA,NA,389,172,215,NA,NA,387,250,317,NA,NA,567,NA,NA,NA,NA,NA,99,141,NA,NA,240,134,173,NA,NA,307,89,124,NA,NA,213,5,16,NA,NA,21,133,139,NA,NA,272,78,88,NA,NA,166,613,926,NA,NA,1539,"iversal01",99,"Allen Iverson"
"553","TEXAS","TEXAS","TEXAS","TEXAS",NA,33,34,33,33,133,520,962,826,979,3287,31,133,92,111,367,85,280,194,248,807,3,26,12,12,53,12,69,45,31,157,29,78,65,77,249,44,100,84,123,351,NA,NA,NA,NA,NA,54,120,99,133,406,57,48,54,141,300,24,28,31,41,124,5,8,4,8,25,NA,NA,NA,NA,NA,NA,NA,NA,NA,NA,94,370,261,311,1036,"iveyro01",4.5,"Royal Ivey"
"554","KANSASST","KANSASST","KANSASST","KANSASST",NA,33,31,33,35,132,780,780,1070,1098,3728,71,63,140,151,425,154,156,293,314,917,7,6,6,32,51,17,19,30,85,151,71,47,108,122,348,112,79,156,159,506,43,34,39,36,152,139,108,150,221,618,61,61,123,121,366,19,23,44,35,121,12,20,8,12,52,42,62,95,81,280,71,65,78,63,277,220,179,394,456,1249,"iwundwe01",0.4,"Wesley Iwundu"
"555","GATECH","GATECH","GATECH",NA,NA,31,38,32,NA,101,984,1185,1091,NA,3260,97,145,164,NA,406,213,318,319,NA,850,17,30,46,NA,93,60,95,104,NA,259,83,154,123,NA,360,118,192,142,NA,452,NA,NA,NA,NA,NA,110,185,155,NA,450,185,213,145,NA,543,51,74,58,NA,183,3,5,3,NA,11,NA,NA,NA,NA,NA,NA,NA,NA,NA,NA,294,474,497,NA,1265,"jackja01",37,"Jarrett Jack"
"556","MINNESOTA","MINNESOTA",NA,NA,NA,25,35,NA,NA,60,683,1101,NA,NA,1784,115,191,NA,NA,306,283,433,NA,NA,716,28,31,NA,NA,59,95,97,NA,NA,192,74,121,NA,NA,195,94,154,NA,NA,248,NA,NA,NA,NA,NA,119,213,NA,NA,332,68,139,NA,NA,207,34,74,NA,NA,108,7,8,NA,NA,15,56,81,NA,NA,137,63,106,NA,NA,169,332,534,NA,NA,866,"jacksbo01",31.4,"Bobby Jackson"
"557","KANSAS","KANSAS","KANSAS","KANSAS",NA,24,23,38,40,125,168,351,583,971,2073,17,52,71,171,311,31,103,129,273,536,0,0,0,2,2,0,0,0,6,6,14,40,67,103,224,24,52,102,149,327,NA,NA,NA,NA,NA,40,112,193,267,612,3,8,13,43,67,4,13,16,31,64,3,3,21,19,46,NA,NA,NA,51,51,NA,NA,NA,NA,NA,48,144,209,447,848,"jacksda01",1.3,"Darnell Jackson"
"558","NOTREDAME","NOTREDAME","NOTREDAME",NA,NA,30,38,35,NA,103,666,1318,1258,NA,3242,55,167,213,NA,435,131,329,460,NA,920,25,54,60,NA,139,60,126,177,NA,363,46,82,119,NA,247,59,110,147,NA,316,15,44,31,NA,90,64,137,121,NA,322,55,116,164,NA,335,12,59,43,NA,114,1,12,10,NA,23,37,57,76,NA,170,58,71,68,NA,197,181,470,605,NA,1256,"jacksde01",-0.1,"Demetrius Jackson"
"560","OHIOST","OHIOST","OHIOST",NA,NA,30,31,32,NA,93,1035,997,1133,NA,3165,194,228,264,NA,686,389,441,535,NA,1365,21,17,44,NA,82,59,51,108,NA,218,73,112,146,NA,331,93,149,180,NA,422,NA,NA,NA,NA,NA,166,169,217,NA,552,110,133,129,NA,372,39,55,53,NA,147,14,24,8,NA,46,96,100,108,NA,304,81,69,69,NA,219,482,585,718,NA,1785,"jacksji01",35.8,"Jim Jackson"
"561","KANSAS",NA,NA,NA,NA,35,NA,NA,NA,35,1077,NA,NA,NA,1077,220,NA,NA,NA,220,429,NA,NA,NA,429,34,NA,NA,NA,34,90,NA,NA,NA,90,98,NA,NA,NA,98,173,NA,NA,NA,173,81,NA,NA,NA,81,258,NA,NA,NA,258,104,NA,NA,NA,104,59,NA,NA,NA,59,37,NA,NA,NA,37,97,NA,NA,NA,97,104,NA,NA,NA,104,572,NA,NA,NA,572,"jacksjo02",-0.9,"Josh Jackson"
"562","UNC","UNC","UNC",NA,NA,38,40,40,NA,118,1014,1135,1281,NA,3430,157,202,264,NA,623,329,428,596,NA,1353,28,37,105,NA,170,92,124,284,NA,500,66,68,98,NA,232,93,102,131,NA,326,52,71,58,NA,181,139,156,186,NA,481,88,111,113,NA,312,20,25,31,NA,76,19,17,9,NA,45,52,43,69,NA,164,55,69,55,NA,179,408,509,731,NA,1648,"jacksju01",-0.2,"Justin Jackson"
"563","OREGON","OREGON","OREGON","OREGON",NA,28,35,32,31,126,506,1069,1018,1072,3665,73,189,173,210,645,172,413,383,430,1398,18,46,37,73,174,50,115,102,166,433,54,159,130,163,506,73,184,150,189,596,NA,NA,NA,NA,NA,114,188,221,223,746,55,115,115,139,424,23,44,54,39,160,9,12,11,5,37,NA,NA,NA,NA,NA,NA,NA,NA,NA,NA,218,583,513,656,1970,"jackslu02",0.2,"Luke Jackson"
"564","VCU","TEMPLE","TEMPLE",NA,NA,22,32,31,NA,85,277,1117,1201,NA,2595,23,183,175,NA,381,52,384,366,NA,802,NA,2,2,NA,4,NA,4,6,NA,10,12,133,148,NA,293,21,199,193,NA,413,NA,NA,NA,NA,NA,67,287,278,NA,632,9,24,38,NA,71,4,14,29,NA,47,14,7,22,NA,43,14,87,60,NA,161,35,62,64,NA,161,58,501,500,NA,1059,"jacksma02",13,"Marc Jackson"
"565","BAYLOR","BAYLOR",NA,NA,NA,38,36,NA,NA,74,1172,1252,NA,NA,2424,174,216,NA,NA,390,378,506,NA,NA,884,69,88,NA,NA,157,169,245,NA,NA,414,106,192,NA,NA,298,129,240,NA,NA,369,33,24,NA,NA,57,110,135,NA,NA,245,223,255,NA,NA,478,68,54,NA,NA,122,3,0,NA,NA,3,134,122,NA,NA,256,88,80,NA,NA,168,523,712,NA,NA,1235,"jackspi01",0,"Pierre Jackson"
"566","BOSTONCOLL","BOSTONCOLL","BOSTONCOLL",NA,NA,34,31,34,NA,99,NA,934,1161,NA,2095,91,145,219,NA,455,207,337,435,NA,979,18,32,71,NA,121,66,110,169,NA,345,37,77,109,NA,223,54,105,137,NA,296,NA,59,35,NA,94,111,176,146,NA,433,59,139,152,NA,350,28,19,36,NA,83,14,14,18,NA,46,42,80,81,NA,203,NA,62,58,NA,120,237,399,618,NA,1254,"jacksre01",23.1,"Reggie Jackson"
"567","STANFORD","STANFORD","STANFORD",NA,NA,31,34,30,NA,95,883,1079,1058,NA,3020,139,203,205,NA,547,298,400,465,NA,1163,74,84,64,NA,222,170,178,172,NA,520,97,126,184,NA,407,136,155,237,NA,528,NA,NA,NA,NA,NA,93,136,135,NA,364,70,78,106,NA,254,14,18,18,NA,50,1,3,3,NA,7,55,65,73,NA,193,40,38,55,NA,133,449,616,658,NA,1723,"jacobca01",6.2,"Casey Jacobsen"
"568","MINNESOTA","MINNESOTA","MINNESOTA","MINNESOTA",NA,31,32,35,32,130,589,853,847,NA,2289,92,143,188,215,638,198,347,411,505,1461,17,47,61,48,173,53,118,155,148,474,38,75,43,104,260,57,95,67,143,362,NA,NA,NA,NA,NA,149,154,158,165,626,37,64,58,57,216,20,37,32,42,131,3,8,6,6,23,44,84,77,NA,205,86,82,104,NA,272,239,408,480,582,1709,"jacobsa01",1.1,"Sam Jacobson"
"569","OHIO","OHIO","OHIO","OHIO",NA,28,30,29,28,115,668,948,1034,1072,3722,169,198,200,297,864,294,416,413,647,1770,NA,49,59,131,239,NA,122,145,303,570,54,74,92,149,369,65,87,107,177,436,NA,NA,NA,NA,NA,85,115,136,179,515,54,86,82,27,249,34,17,35,24,110,0,2,3,8,13,42,65,67,64,238,51,68,77,72,268,392,519,551,874,2336,"jamerda01",0.2,"Dave Jamerson"
"570","FLORIDAST","FLORIDAST",NA,NA,NA,34,35,NA,NA,69,719,979,NA,NA,1698,117,157,NA,NA,274,178,259,NA,NA,437,0,0,NA,NA,0,0,0,NA,NA,0,59,64,NA,NA,123,117,116,NA,NA,233,74,107,NA,NA,181,201,283,NA,NA,484,8,16,NA,NA,24,29,26,NA,NA,55,82,82,NA,NA,164,50,73,NA,NA,123,56,68,NA,NA,124,293,378,NA,NA,671,"jamesbe01",1.9,"Bernard James"
"571","TEXAS","TEXAS","TEXAS","TEXAS",NA,35,38,35,34,142,NA,NA,NA,1029,1029,99,193,203,210,705,201,419,434,419,1473,1,38,28,36,103,11,92,86,94,283,66,77,106,155,404,111,135,155,230,631,NA,NA,NA,107,107,253,393,322,350,1318,32,51,47,33,163,20,26,34,57,137,42,51,30,40,163,NA,59,79,69,207,NA,NA,NA,100,100,265,501,540,611,1917,"jamesda01",0,"Damion James"
"572","FLORIDAAM","FLORIDAAM","FLORIDAAM",NA,NA,27,27,27,NA,81,685,706,NA,NA,1391,129,177,208,NA,514,288,334,416,NA,1038,0,0,0,NA,0,1,1,0,NA,2,62,82,120,NA,264,137,147,217,NA,501,NA,NA,NA,NA,NA,219,242,282,NA,743,8,16,30,NA,54,7,18,15,NA,40,119,119,124,NA,362,80,98,NA,NA,178,93,114,NA,NA,207,320,436,536,NA,1292,"jamesje01",2.9,"Jerome James"
"573","MIAMIFL","MIAMIFL","MIAMIFL","MIAMIFL",NA,28,29,28,30,115,625,900,NA,956,2481,117,165,184,215,681,221,380,379,451,1431,2,2,4,12,20,6,8,17,41,72,46,73,97,115,331,85,120,144,165,514,NA,NA,NA,NA,NA,151,196,263,246,856,12,35,12,24,83,22,24,41,40,127,50,64,45,65,224,48,80,NA,97,225,50,58,NA,52,160,282,405,469,557,1713,"jamesti01",0,"Tim James"
"574","UNC","UNC","UNC",NA,NA,32,35,37,NA,104,1052,1199,NA,NA,2251,201,270,316,NA,787,322,496,546,NA,1364,0,2,6,NA,8,1,11,15,NA,27,82,126,184,NA,392,156,203,276,NA,635,NA,NA,NA,NA,NA,309,329,389,NA,1027,33,30,30,NA,93,25,40,28,NA,93,33,22,30,NA,85,59,63,NA,NA,122,69,93,NA,NA,162,484,668,822,NA,1974,"jamisan01",87.8,"Antawn Jamison"
"576","MIDLANDCC",NA,NA,NA,NA,13,NA,NA,NA,13,311,NA,NA,NA,311,56,NA,NA,NA,56,105,NA,NA,NA,105,0,NA,NA,NA,0,1,NA,NA,NA,1,36,NA,NA,NA,36,55,NA,NA,NA,55,NA,NA,NA,NA,NA,76,NA,NA,NA,76,12,NA,NA,NA,12,NA,NA,NA,NA,NA,NA,NA,NA,NA,NA,NA,NA,NA,NA,NA,NA,NA,NA,NA,NA,148,NA,NA,NA,148,"jawaina01",0.2,"Nathan Jawai"
"577","ARKANSAS","FRESNOST","FRESNOST",NA,NA,34,33,21,NA,88,720,1014,726,NA,2460,102,169,115,NA,386,229,382,275,NA,886,21,56,42,NA,119,69,162,121,NA,352,37,119,92,NA,248,77,173,145,NA,395,NA,NA,NA,NA,NA,132,160,133,NA,425,34,62,64,NA,160,25,48,25,NA,98,46,31,25,NA,102,67,90,51,NA,208,66,75,58,NA,199,262,513,364,NA,1139,"jeffech01",-0.5,"Chris Jefferies"
"578","BAYLOR","BAYLOR","BAYLOR","BAYLOR",NA,21,34,37,38,130,97,357,1032,1103,2589,9,47,191,184,431,23,90,313,368,794,0,0,3,14,17,1,2,9,38,50,9,27,107,137,280,13,45,152,214,424,12,25,99,107,243,25,90,295,312,722,0,3,11,37,51,2,8,17,15,42,4,42,71,49,166,5,15,30,51,101,13,45,85,83,226,27,121,492,519,1159,"jeffeco01",0.9,"Cory Jefferson"
"579","ARIZONA","ARIZONA","ARIZONA",NA,NA,28,21,35,NA,84,755,495,961,NA,2211,104,84,147,NA,335,210,167,307,NA,684,12,17,31,NA,60,33,40,90,NA,163,97,45,72,NA,214,125,63,110,NA,298,NA,NA,NA,NA,NA,134,92,190,NA,416,80,58,94,NA,232,18,6,27,NA,51,11,24,28,NA,63,68,55,104,NA,227,68,53,98,NA,219,317,230,397,NA,944,"jefferi01",82.9,"Richard Jefferson"
"580","INDIANA","INDIANA",NA,NA,NA,34,36,NA,NA,70,1108,1175,NA,NA,2283,164,189,NA,NA,353,371,414,NA,NA,785,12,27,NA,NA,39,49,71,NA,NA,120,129,134,NA,NA,263,208,201,NA,NA,409,NA,NA,NA,NA,NA,234,273,NA,NA,507,82,74,NA,NA,156,31,54,NA,NA,85,42,46,NA,NA,88,100,102,NA,NA,202,100,88,NA,NA,188,469,539,NA,NA,1008,"jeffrja01",13.1,"Jared Jeffries"
"581","HOFSTRA","HOFSTRA","HOFSTRA","HOFSTRA",NA,29,32,34,33,128,NA,NA,1234,1232,2466,160,203,235,249,847,340,503,531,482,1856,20,31,63,66,180,61,99,154,157,471,96,192,169,182,639,123,234,210,221,788,NA,NA,38,18,56,133,153,154,111,551,60,137,134,158,489,49,46,61,57,213,15,15,19,22,71,97,107,108,73,385,NA,NA,89,66,155,436,629,702,746,2513,"jenkich01",0.5,"Charles Jenkins"
"582","VANDY","VANDY","VANDY",NA,NA,31,32,35,NA,98,716,1105,1177,NA,2998,109,190,217,NA,516,233,411,458,NA,1102,72,100,134,NA,306,149,245,305,NA,699,48,144,128,NA,320,60,161,153,NA,374,8,17,16,NA,41,69,95,101,NA,265,30,39,42,NA,111,14,24,29,NA,67,5,11,11,NA,27,23,52,55,NA,130,36,44,42,NA,122,338,624,696,NA,1658,"jenkijo01",2.7,"John Jenkins"
"583","IOWA","IOWA","IOWA","IOWA",NA,15,26,33,28,102,46,114,666,818,1644,5,10,53,155,223,11,27,94,249,381,NA,1,0,0,1,NA,1,2,1,4,5,14,33,107,159,9,30,53,173,265,NA,NA,NA,NA,NA,16,39,175,281,511,1,3,30,35,69,0,4,11,22,37,0,4,28,31,63,5,5,48,75,133,9,16,83,56,164,15,35,139,417,606,"jepsele01",0.1,"Les Jepsen"
"584","ARIZONA",NA,NA,NA,NA,34,NA,NA,NA,34,606,NA,NA,NA,606,63,NA,NA,NA,63,154,NA,NA,NA,154,32,NA,NA,NA,32,79,NA,NA,NA,79,18,NA,NA,NA,18,22,NA,NA,NA,22,37,NA,NA,NA,37,122,NA,NA,NA,122,18,NA,NA,NA,18,16,NA,NA,NA,16,33,NA,NA,NA,33,19,NA,NA,NA,19,44,NA,NA,NA,44,176,NA,NA,NA,176,"jerregr01",-0.1,"Grant Jerrett"
"585","FLORIDAST","FLORIDAST","FLORIDAST",NA,NA,33,30,29,NA,92,687,525,723,NA,1935,103,76,127,NA,306,187,167,235,NA,589,0,3,9,NA,12,1,9,29,NA,39,106,50,120,NA,276,157,87,170,NA,414,NA,NA,NA,NA,NA,138,128,216,NA,482,27,16,21,NA,64,27,23,31,NA,81,20,16,30,NA,66,NA,NA,NA,NA,NA,NA,NA,NA,NA,NA,312,205,383,NA,900,"johnsal01",1.5,"Alexander Johnson"
"586","CHARLESTON","CHARLESTON","CHARLESTON","CHARLESTON",NA,27,29,29,32,117,273,492,946,1099,2810,23,34,119,158,334,58,87,259,313,717,1,10,26,30,67,3,25,64,74,166,37,22,65,100,224,52,34,97,126,309,NA,NA,NA,NA,NA,44,53,92,113,302,30,68,193,229,520,NA,NA,NA,NA,NA,NA,NA,NA,NA,NA,NA,NA,NA,NA,NA,NA,NA,NA,NA,NA,84,100,329,446,959,"johnsan02",23.2,"Anthony Johnson"
"587","NEVADA","NEVADA","NEVADA",NA,NA,33,34,34,NA,101,NA,NA,1172,NA,1172,134,193,219,NA,546,278,448,442,NA,1168,28,25,17,NA,70,81,90,71,NA,242,83,116,80,NA,279,107,147,118,NA,372,NA,NA,26,NA,26,133,122,115,NA,370,111,145,189,NA,445,25,30,28,NA,83,7,6,12,NA,25,78,84,114,NA,276,NA,NA,61,NA,61,379,527,535,NA,1441,"johnsar02",-0.1,"Armon Johnson"
"588","UNC","UNC","UNC","UNC",NA,36,34,38,40,148,380,661,940,1121,3102,90,150,207,287,734,176,265,366,465,1272,0,0,0,0,0,0,0,0,0,0,15,51,78,154,298,26,82,115,194,417,33,77,89,115,314,115,209,295,416,1035,10,30,35,58,133,17,25,26,43,111,19,43,42,59,163,19,40,58,70,187,56,95,112,106,369,195,351,492,728,1766,"johnsbr02",0.1,"Brice Johnson"
"589","SYRACUSE","SYRACUSE","SYRACUSE","SYRACUSE",NA,37,31,32,32,132,541,558,1118,1212,3429,59,76,226,208,569,129,190,452,502,1273,3,7,38,68,116,20,25,100,199,344,35,44,131,150,360,68,72,199,212,551,NA,NA,NA,NA,NA,74,73,201,223,571,37,33,75,47,192,17,14,49,47,127,4,6,3,12,25,24,24,68,87,203,72,55,78,98,303,156,203,621,634,1614,"johnsda01",-0.3,"Dave Johnson"
"590","MARQUETTE","MARQUETTE","MARQUETTE",NA,NA,34,37,34,NA,105,1009,1109,1120,NA,3238,152,196,210,NA,558,334,453,470,NA,1257,73,71,77,NA,221,154,195,200,NA,549,65,121,126,NA,312,96,171,165,NA,432,16,18,22,NA,56,90,112,119,NA,321,81,88,93,NA,262,30,31,32,NA,93,6,7,4,NA,17,68,75,80,NA,223,77,92,68,NA,237,442,584,623,NA,1649,"johnsda03",-0.3,"Darius Johnson-Odom"
"591","KENTUCKY","KENTUCKY",NA,NA,NA,39,39,NA,NA,78,550,635,NA,NA,1185,82,79,NA,NA,161,144,156,NA,NA,300,0,0,NA,NA,0,0,0,NA,NA,0,38,90,NA,NA,128,85,144,NA,NA,229,79,67,NA,NA,146,154,179,NA,NA,333,11,29,NA,NA,40,9,14,NA,NA,23,23,36,NA,NA,59,25,42,NA,NA,67,79,69,NA,NA,148,202,248,NA,NA,450,"johnsda04",0.4,"Dakari Johnson"
"592","CHARLOTTE","CHARLOTTE","CHARLOTTE","CHARLOTTE",NA,28,29,31,31,119,495,963,1038,NA,2496,97,206,196,238,737,193,413,417,475,1498,0,5,11,18,34,2,24,36,50,112,48,109,181,159,497,67,164,229,204,664,NA,NA,NA,NA,NA,129,254,263,280,926,20,32,44,44,140,16,31,39,42,128,10,17,18,18,63,24,58,76,NA,158,51,94,86,NA,231,242,526,584,653,2005,"johnsde02",-0.1,"DeMarco Johnson"
"593","CINCY",NA,NA,NA,NA,32,NA,NA,NA,32,879,NA,NA,NA,879,140,NA,NA,NA,140,293,NA,NA,NA,293,52,NA,NA,NA,52,140,NA,NA,NA,140,70,NA,NA,NA,70,95,NA,NA,NA,95,NA,NA,NA,NA,NA,123,NA,NA,NA,123,45,NA,NA,NA,45,31,NA,NA,NA,31,30,NA,NA,NA,30,46,NA,NA,NA,46,64,NA,NA,NA,64,402,NA,NA,NA,402,"johnsde03",6.4,"DerMarr Johnson"
"594","NORLEANS","NORLEANS","NORLEANS","NORLEANS",NA,32,30,32,29,123,757,899,1073,965,3694,84,162,185,208,639,145,283,317,336,1081,NA,NA,NA,NA,NA,NA,NA,NA,NA,NA,32,58,122,118,330,57,108,171,175,511,NA,NA,NA,NA,NA,218,367,356,346,1287,29,34,56,16,135,29,22,31,27,109,62,74,81,77,294,40,60,79,74,253,91,91,111,87,380,200,382,492,534,1608,"johnser02",37.8,"Ervin Johnson"
"595","WAKE","WAKE",NA,NA,NA,30,31,NA,NA,61,NA,NA,NA,NA,NA,164,187,NA,NA,351,337,345,NA,NA,682,28,22,NA,NA,50,100,69,NA,NA,169,82,69,NA,NA,151,119,99,NA,NA,218,NA,NA,NA,NA,NA,244,264,NA,NA,508,37,62,NA,NA,99,41,44,NA,NA,85,40,48,NA,NA,88,78,74,NA,NA,152,NA,NA,NA,NA,NA,438,465,NA,NA,903,"johnsja01",19,"James Johnson"
"596","PURDUE","PURDUE","PURDUE","PURDUE",NA,34,37,35,34,140,NA,NA,1093,1203,2296,67,190,192,257,706,159,352,379,520,1410,0,0,0,15,15,2,3,4,51,60,48,117,158,169,492,74,159,220,209,662,NA,NA,82,82,164,106,206,250,291,853,10,26,26,33,95,14,19,30,30,93,34,78,72,79,263,20,49,63,56,188,NA,NA,71,53,124,182,497,542,698,1919,"johnsja02",0.2,"JaJuan Johnson"
"597","ARKANSAS","ARKANSAS",NA,NA,NA,23,30,NA,NA,53,732,873,NA,NA,1605,140,162,NA,NA,302,302,346,NA,NA,648,28,35,NA,NA,63,76,79,NA,NA,155,60,68,NA,NA,128,79,91,NA,NA,170,NA,NA,NA,NA,NA,132,193,NA,NA,325,50,77,NA,NA,127,45,43,NA,NA,88,12,12,NA,NA,24,62,70,NA,NA,132,44,46,NA,NA,90,368,427,NA,NA,795,"johnsjo02",81.9,"Joe Johnson"
"598","OHIOST","OHIOST","OHIOST","OHIOST",NA,30,36,30,31,127,NA,951,885,916,2752,79,98,94,145,416,162,188,170,251,771,0,0,0,0,0,0,0,0,0,0,45,35,47,96,223,73,72,74,135,354,NA,NA,NA,NA,NA,127,204,182,226,739,16,8,9,25,58,9,11,5,12,37,58,100,161,125,444,NA,39,35,73,147,NA,102,88,81,271,203,231,235,386,1055,"johnske03",0,"Ken Johnson"
"599","UNLV","UNLV",NA,NA,NA,40,35,NA,NA,75,1259,1113,NA,NA,2372,304,308,NA,NA,612,487,465,NA,NA,952,13,17,NA,NA,30,38,48,NA,NA,86,201,162,NA,NA,363,262,198,NA,NA,460,NA,NA,NA,NA,NA,457,380,NA,NA,837,84,104,NA,NA,188,65,74,NA,NA,139,56,36,NA,NA,92,110,78,NA,NA,188,128,79,NA,NA,207,822,795,NA,NA,1617,"johnsla02",69.7,"Larry Johnson"
"600","ARIZONA","ARIZONA","ARIZONA",NA,NA,35,35,38,NA,108,983,1099,1257,NA,3339,99,137,205,NA,441,268,306,474,NA,1048,40,42,62,NA,144,125,107,169,NA,401,74,87,146,NA,307,109,122,187,NA,418,19,14,31,NA,64,114,127,154,NA,395,85,112,107,NA,304,26,68,43,NA,137,19,20,25,NA,64,67,66,64,NA,197,79,65,76,NA,220,312,403,618,NA,1333,"johnsni01",-0.1,"Nick Johnson"
"601","LOYOLAMARY","UCSB","UCSB","UCSB",NA,31,30,32,31,124,NA,939,1065,1067,3071,133,176,222,207,738,323,366,467,459,1615,40,46,66,70,222,125,116,163,164,568,77,142,164,127,510,120,202,204,182,708,NA,56,49,52,157,152,162,198,179,691,65,69,94,91,319,18,21,39,34,112,12,17,16,23,68,80,81,87,76,324,NA,72,67,57,196,383,540,674,611,2208,"johnsor01",1.4,"Orlando Johnson"
"602","ARIZONA",NA,NA,NA,NA,38,NA,NA,NA,38,1081,NA,NA,NA,1081,174,NA,NA,NA,174,390,NA,NA,NA,390,43,NA,NA,NA,43,116,NA,NA,NA,116,132,NA,NA,NA,132,178,NA,NA,NA,178,75,NA,NA,NA,75,247,NA,NA,NA,247,63,NA,NA,NA,63,57,NA,NA,NA,57,15,NA,NA,NA,15,82,NA,NA,NA,82,100,NA,NA,NA,100,523,NA,NA,NA,523,"johnsst04",1.9,"Stanley Johnson"
"603","IOWAST","IOWAST","SYRACUSE",NA,NA,31,27,35,NA,93,NA,NA,1224,NA,1224,141,114,207,NA,462,317,288,412,NA,1017,32,47,51,NA,130,109,141,123,NA,373,67,60,112,NA,239,89,77,145,NA,311,NA,NA,75,NA,75,244,107,299,NA,650,33,39,78,NA,150,24,24,58,NA,106,33,11,64,NA,108,NA,57,81,NA,138,NA,NA,72,NA,72,381,335,577,NA,1293,"johnswe01",10.2,"Wesley Johnson"
"604","GATECH","GATECH","GATECH","GATECH",NA,33,31,30,30,124,NA,1085,911,875,2871,80,145,91,134,450,161,277,205,278,921,0,0,0,0,0,1,0,1,2,4,64,105,110,133,412,115,201,179,223,718,NA,NA,NA,NA,NA,220,302,241,312,1075,28,53,43,46,170,18,18,24,28,88,141,107,76,101,425,NA,80,99,90,269,NA,85,92,96,273,224,395,292,401,1312,"jonesal01",0.1,"Alvin Jones"
"605","WASHINGTON","WASHINGTON","WASHINGTON","WASHINGTON",NA,27,31,34,33,125,514,760,865,874,3013,48,130,133,113,424,119,228,261,239,847,4,1,31,29,65,20,8,61,88,177,53,87,85,88,313,69,131,125,118,443,NA,NA,NA,NA,NA,111,153,190,163,617,28,25,57,43,153,21,37,36,40,134,12,17,13,17,59,NA,NA,NA,NA,NA,NA,NA,NA,NA,NA,153,348,382,343,1226,"jonesbo02",1.1,"Bobby Jones"
"606","RUTGERS","RUTGERS","DUKE","DUKE",NA,32,31,35,33,131,841,1041,1011,1014,3907,119,166,153,198,636,281,401,303,421,1406,11,39,12,47,109,34,113,52,118,317,92,124,74,140,430,113,175,102,187,577,NA,NA,NA,NA,NA,130,142,146,180,598,49,63,40,29,181,38,28,29,38,133,26,20,17,18,81,74,83,58,63,278,96,100,101,101,398,341,495,392,583,1811,"jonesda02",9.9,"Dahntay Jones"
"607","VANDY","VANDY","VANDY",NA,NA,31,35,33,NA,99,798,1020,866,NA,2684,138,186,184,NA,508,254,331,312,NA,897,0,1,0,NA,1,0,5,3,NA,8,73,133,90,NA,296,134,222,168,NA,524,57,76,74,NA,207,176,227,227,NA,630,7,26,38,NA,71,9,20,8,NA,37,43,70,54,NA,167,56,76,65,NA,197,104,89,108,NA,301,349,506,458,NA,1313,"jonesda03",0,"Damian Jones"
"608","NEMISSCC","NEMISSCC","MISSST",NA,NA,29,32,33,NA,94,841,1024,1007,NA,2872,291,352,198,NA,841,574,711,418,NA,1703,34,29,24,NA,87,131,123,81,NA,335,115,184,64,NA,363,191,287,86,NA,564,NA,NA,NA,NA,NA,326,425,225,NA,976,34,77,63,NA,174,NA,NA,37,NA,37,NA,NA,31,NA,31,NA,NA,74,NA,74,NA,NA,93,NA,93,731,917,484,NA,2132,"jonesdo01",-0.3,"Dontae' Jones"
"609","SFLORIDA","SFLORIDA","SFLORIDA",NA,NA,31,31,33,NA,95,NA,NA,1224,NA,1224,177,193,222,NA,592,385,461,493,NA,1339,54,54,52,NA,160,153,175,167,NA,495,123,121,209,NA,453,162,171,282,NA,615,NA,NA,37,NA,37,143,173,201,NA,517,86,122,120,NA,328,47,41,56,NA,144,8,12,19,NA,39,70,82,97,NA,249,NA,NA,93,NA,93,531,561,705,NA,1797,"jonesdo02",0.3,"Dominique Jones"
"610","TEMPLE","TEMPLE","TEMPLE",NA,NA,29,32,31,NA,92,764,1169,1184,NA,3117,122,212,231,NA,565,279,463,491,NA,1233,47,49,45,NA,141,134,141,128,NA,403,41,70,88,NA,199,75,116,133,NA,324,NA,NA,NA,NA,NA,122,225,210,NA,557,30,56,58,NA,144,57,70,70,NA,197,19,42,46,NA,107,29,55,53,NA,137,90,75,69,NA,234,332,543,595,NA,1470,"jonesed02",100.6,"Eddie Jones"
"611","OREGON","OREGON","OREGON","OREGON",NA,32,30,28,35,125,675,857,892,1103,3527,103,100,136,215,554,201,249,288,413,1151,34,29,33,51,147,83,107,108,137,435,50,62,108,169,389,74,81,134,194,483,NA,NA,NA,NA,NA,108,177,157,189,631,62,99,95,111,367,23,30,32,63,148,22,21,13,18,74,68,72,83,82,305,72,66,81,94,313,290,291,413,650,1644,"jonesfr01",16.5,"Fred Jones"
"612","MIAMIFL","MIAMIFL","MIAMIFL","MIAMIFL",NA,33,29,32,28,122,424,922,1048,957,3351,52,122,133,157,464,122,285,332,351,1090,10,41,33,40,124,32,87,105,100,324,15,60,111,118,304,18,74,132,142,366,NA,NA,NA,NA,NA,64,170,203,169,606,11,34,48,49,142,16,34,43,44,137,18,46,78,50,192,12,55,52,69,188,43,65,78,76,262,129,345,410,472,1356,"jonesja02",25.2,"James Jones"
"613","GEORGIA","GEORGIA",NA,NA,NA,35,30,NA,NA,65,NA,1032,NA,NA,1032,188,197,NA,NA,385,415,443,NA,NA,858,44,48,NA,NA,92,124,138,NA,NA,262,95,122,NA,NA,217,121,168,NA,NA,289,NA,NA,NA,NA,NA,299,284,NA,NA,583,30,30,NA,NA,60,30,32,NA,NA,62,19,21,NA,NA,40,NA,76,NA,NA,76,NA,73,NA,NA,73,515,564,NA,NA,1079,"jonesju01",15.1,"Jumaine Jones"
"614","BAYLOR","BAYLOR",NA,NA,NA,30,33,NA,NA,63,1017,1013,NA,NA,2030,162,182,NA,NA,344,295,364,NA,NA,659,2,10,NA,NA,12,10,33,NA,NA,43,91,71,NA,NA,162,137,102,NA,NA,239,79,89,NA,NA,168,215,252,NA,NA,467,36,42,NA,NA,78,16,28,NA,NA,44,27,20,NA,NA,47,69,56,NA,NA,125,71,77,NA,NA,148,417,445,NA,NA,862,"jonespe01",1.7,"Perry Jones"
"615","MURRAYST","MURRAYST","MURRAYST","MURRAYST",NA,30,30,33,30,123,518,1038,1052,994,3602,65,217,268,232,782,133,434,544,475,1586,NA,15,7,7,29,NA,34,32,18,84,43,137,123,161,464,57,181,173,207,618,NA,NA,NA,NA,NA,138,336,469,431,1374,21,59,69,72,221,19,57,36,43,155,5,17,32,27,81,30,71,84,101,286,65,81,88,98,332,173,586,666,632,2057,"jonespo01",22,"Popeye Jones"
"616","SFLORIDA","SFLORIDA",NA,NA,NA,30,29,NA,NA,59,782,1056,NA,NA,1838,77,139,NA,NA,216,141,287,NA,NA,428,0,0,NA,NA,0,0,2,NA,NA,2,44,105,NA,NA,149,80,135,NA,NA,215,NA,NA,NA,NA,NA,185,285,NA,NA,470,22,39,NA,NA,61,13,25,NA,NA,38,64,89,NA,NA,153,NA,NA,NA,NA,NA,NA,NA,NA,NA,NA,198,383,NA,NA,581,"jonesso01",5,"Solomon Jones"
"617","KENTUCKY","KENTUCKY",NA,NA,NA,38,38,NA,NA,76,1196,1115,NA,NA,2311,206,177,NA,NA,383,466,354,NA,NA,820,26,16,NA,NA,42,79,49,NA,NA,128,157,99,NA,NA,256,243,158,NA,NA,401,92,96,NA,NA,188,336,272,NA,NA,608,60,51,NA,NA,111,43,49,NA,NA,92,72,68,NA,NA,140,75,62,NA,NA,137,91,91,NA,NA,182,595,469,NA,NA,1064,"joneste01",14.8,"Terrence Jones"
"618","DUKE",NA,NA,NA,NA,39,NA,NA,NA,39,1322,NA,NA,NA,1322,135,NA,NA,NA,135,324,NA,NA,NA,324,47,NA,NA,NA,47,124,NA,NA,NA,124,144,NA,NA,NA,144,162,NA,NA,NA,162,19,NA,NA,NA,19,137,NA,NA,NA,137,217,NA,NA,NA,217,59,NA,NA,NA,59,3,NA,NA,NA,3,76,NA,NA,NA,76,46,NA,NA,NA,46,461,NA,NA,NA,461,"jonesty01",4,"Tyus Jones"
"619","KANSAS","KANSAS","KANSAS","KANSAS",NA,35,34,32,36,137,466,1013,1006,1126,3611,33,138,137,147,455,97,272,295,318,982,14,47,53,65,179,40,115,130,152,437,25,101,83,75,284,36,132,113,95,376,NA,NA,NA,NA,NA,43,102,107,84,336,109,154,142,163,568,20,50,41,70,181,0,1,2,1,4,47,88,66,62,263,32,79,52,42,205,105,424,410,434,1373,"jordaad01",0,"Adonis Jordan"
"620","TEXASAM",NA,NA,NA,NA,35,NA,NA,NA,35,703,NA,NA,NA,703,113,NA,NA,NA,113,183,NA,NA,NA,183,0,NA,NA,NA,0,0,NA,NA,NA,0,52,NA,NA,NA,52,119,NA,NA,NA,119,NA,NA,NA,NA,NA,210,NA,NA,NA,210,15,NA,NA,NA,15,7,NA,NA,NA,7,44,NA,NA,NA,44,57,NA,NA,NA,57,NA,NA,NA,NA,NA,278,NA,NA,NA,278,"jordade01",72.3,"DeAndre Jordan"
"621","TULSA","TULSA","TULSA","TULSA",NA,23,39,36,35,133,NA,NA,NA,1043,1043,29,154,180,184,547,49,273,307,335,964,0,0,0,0,0,0,0,0,0,0,3,102,137,172,414,11,148,186,250,595,NA,NA,NA,84,84,49,309,308,317,983,4,31,34,44,113,3,15,14,16,48,17,143,91,82,333,NA,86,87,79,252,NA,NA,NA,98,98,61,410,497,540,1508,"jordaje01",1.7,"Jerome Jordan"
"622","TEXAS",NA,NA,NA,NA,36,NA,NA,NA,36,1166,NA,NA,NA,1166,136,NA,NA,NA,136,322,NA,NA,NA,322,52,NA,NA,NA,52,126,NA,NA,NA,126,51,NA,NA,NA,51,73,NA,NA,NA,73,23,NA,NA,NA,23,128,NA,NA,NA,128,109,NA,NA,NA,109,37,NA,NA,NA,37,11,NA,NA,NA,11,54,NA,NA,NA,54,65,NA,NA,NA,65,375,NA,NA,NA,375,"josepco01",17.1,"Cory Joseph"
"623","SYRACUSE","SYRACUSE","SYRACUSE","SYRACUSE",NA,34,35,34,37,140,NA,974,1101,1192,3267,44,127,156,164,491,103,259,342,390,1094,7,9,45,51,112,26,41,123,148,338,21,116,128,117,382,52,155,180,157,544,NA,60,38,56,154,81,194,178,174,627,17,61,74,56,208,30,48,51,50,179,8,14,22,23,67,27,62,73,55,217,NA,64,63,62,189,116,379,485,496,1476,"josepkr01",-0.1,"Kris Joseph"
"624","CMICHIGAN","CMICHIGAN","CMICHIGAN",NA,NA,28,24,31,NA,83,520,604,1055,NA,2179,105,97,244,NA,446,183,158,392,NA,733,0,0,0,NA,0,0,0,0,NA,0,63,89,206,NA,358,90,137,275,NA,502,NA,NA,NA,NA,NA,135,199,373,NA,707,6,22,37,NA,65,14,9,19,NA,42,45,39,98,NA,182,51,69,137,NA,257,67,68,99,NA,234,273,283,694,NA,1250,"kamanch01",24.6,"Chris Kaman"
"625","WISCONSIN","WISCONSIN","WISCONSIN","WISCONSIN",NA,35,32,38,39,144,271,329,1032,1311,2943,23,43,196,267,529,56,98,371,488,1013,10,14,37,42,103,35,45,98,101,279,7,33,101,156,297,14,43,132,200,389,22,21,81,58,182,50,56,240,320,666,10,26,49,103,188,4,14,26,33,77,13,17,66,57,153,10,9,39,63,121,34,40,96,65,235,63,133,530,732,1458,"kaminfr01",7.3,"Frank Kaminsky"
"626","UCLA","UCLA","UCLA","UCLA",NA,33,32,33,29,127,1080,1122,1142,969,4313,191,167,170,171,699,368,379,370,374,1491,82,84,87,64,317,173,184,192,161,710,65,133,101,81,380,95,153,118,92,458,NA,NA,NA,NA,NA,144,183,169,151,647,64,72,70,59,265,34,38,19,17,108,2,4,2,0,8,81,81,63,61,286,82,82,65,65,294,529,551,528,487,2095,"kaponja01",10.3,"Jason Kapono"
"627","KANSAS","KANSAS","KANSAS","KANSAS",NA,27,33,35,40,135,NA,NA,NA,NA,NA,30,104,88,109,331,56,185,166,176,583,0,0,0,0,0,0,0,0,0,0,10,61,31,66,168,30,114,62,122,328,NA,NA,NA,NA,NA,63,176,133,154,526,3,12,17,12,44,3,18,12,17,50,17,36,48,49,150,NA,NA,NA,32,32,NA,NA,NA,NA,NA,70,269,207,284,830,"kaunsa01",0.2,"Sasha Kaun"
"629","STANFORD","STANFORD","STANFORD","STANFORD",NA,33,30,33,29,125,653,1065,1204,1080,4002,93,210,252,275,830,147,335,414,488,1384,NA,NA,2,5,7,NA,NA,4,11,15,91,179,203,179,652,132,247,267,240,886,NA,NA,NA,NA,NA,179,272,313,355,1119,22,41,61,86,210,18,23,51,49,141,11,18,12,14,55,49,71,93,96,309,56,72,75,63,266,277,599,709,734,2319,"keefead01",24.9,"Adam Keefe"
"630","DUKE","DUKE","DUKE","DUKE",NA,35,37,31,23,126,227,743,803,664,2437,16,95,107,96,314,45,184,241,212,682,5,22,40,35,102,19,69,98,83,269,4,33,113,69,219,6,41,140,85,272,6,42,56,37,141,38,138,167,122,465,13,31,35,38,117,8,25,24,16,73,14,51,31,37,133,8,30,43,23,104,34,77,71,55,237,41,245,367,296,949,"kellyry01",3,"Ryan Kelly"
"631","DUKE","DUKE",NA,NA,NA,36,37,NA,NA,73,961,1314,NA,NA,2275,141,237,NA,NA,378,335,485,NA,NA,820,55,88,NA,NA,143,172,201,NA,NA,373,88,160,NA,NA,248,99,187,NA,NA,286,35,43,NA,NA,78,129,188,NA,NA,317,55,91,NA,NA,146,34,31,NA,NA,65,6,13,NA,NA,19,28,59,NA,NA,87,69,83,NA,NA,152,425,722,NA,NA,1147,"kennalu01",0.9,"Luke Kennard"
"632","GEORGIA","GEORGIA","GEORGIA","GEORGIA",NA,28,35,31,29,123,421,1077,984,970,3452,55,149,210,198,612,89,303,431,403,1226,NA,NA,0,15,15,NA,NA,1,35,36,30,144,176,199,549,42,183,232,263,720,NA,NA,NA,NA,NA,95,197,301,300,893,8,25,42,37,112,12,19,22,19,72,3,20,6,15,44,21,68,78,101,268,59,103,84,90,336,140,442,596,610,1788,"kesslal01",2,"Alec Kessler"
"633","UMASS","UMASS","UMASS",NA,NA,33,32,29,NA,94,792,NA,879,NA,1671,141,195,128,NA,464,253,373,303,NA,929,0,0,0,NA,0,1,0,0,NA,1,67,96,57,NA,220,114,149,102,NA,365,NA,NA,NA,NA,NA,175,238,242,NA,655,23,16,35,NA,74,8,14,11,NA,33,73,67,64,NA,204,61,NA,50,NA,111,103,NA,90,NA,193,349,486,313,NA,1148,"ketnela01",0,"Lari Ketner"
"634","KENTUCKY",NA,NA,NA,NA,40,NA,NA,NA,40,1245,NA,NA,NA,1245,160,NA,NA,NA,160,326,NA,NA,NA,326,13,NA,NA,NA,13,51,NA,NA,NA,51,143,NA,NA,NA,143,192,NA,NA,NA,192,103,NA,NA,NA,103,297,NA,NA,NA,297,75,NA,NA,NA,75,39,NA,NA,NA,39,37,NA,NA,NA,37,87,NA,NA,NA,87,97,NA,NA,NA,97,476,NA,NA,NA,476,"kiddgmi01",17.7,"Michael Kidd-Gilchrist"
"635","CALIFORNIA","CALIFORNIA",NA,NA,NA,29,30,NA,NA,59,922,1053,NA,NA,1975,133,166,NA,NA,299,287,352,NA,NA,639,24,51,NA,NA,75,84,141,NA,NA,225,88,117,NA,NA,205,134,169,NA,NA,303,NA,NA,NA,NA,NA,142,207,NA,NA,349,222,272,NA,NA,494,110,94,NA,NA,204,8,9,NA,NA,17,112,129,NA,NA,241,72,78,NA,NA,150,378,500,NA,NA,878,"kiddja01",138.6,"Jason Kidd"
"636","USC","LOYOLAMARY","LOYOLAMARY","LOYOLAMARY",NA,28,26,18,32,104,694,683,421,1053,2851,138,211,119,404,872,297,481,259,763,1800,NA,74,33,92,199,NA,195,94,200,489,64,81,31,231,407,83,103,41,268,495,NA,NA,NA,NA,NA,101,81,76,247,505,58,26,26,62,172,17,49,34,92,192,11,6,3,21,41,57,28,33,78,196,77,85,39,95,296,340,577,302,1131,2350,"kimblbo01",0.1,"Bo Kimble"
"637","WAKE","WAKE","WAKE","WAKE",NA,28,28,30,27,113,788,939,950,845,3522,168,189,179,166,702,311,346,366,329,1352,0,1,17,11,29,2,2,41,32,77,68,73,77,70,288,104,124,121,101,450,NA,NA,NA,NA,NA,171,208,172,139,690,28,27,64,58,177,23,23,32,27,105,23,31,30,15,99,61,60,69,75,265,60,66,63,48,237,404,452,452,413,1721,"kingch01",1,"Chris King"
"638","WCAROLINA","WCAROLINA",NA,NA,NA,28,28,NA,NA,56,1066,1037,NA,NA,2103,258,249,NA,NA,507,527,520,NA,NA,1047,29,52,NA,NA,81,96,134,NA,NA,230,207,193,NA,NA,400,281,232,NA,NA,513,NA,NA,NA,NA,NA,211,204,NA,NA,415,59,94,NA,NA,153,61,42,NA,NA,103,10,13,NA,NA,23,108,113,NA,NA,221,69,74,NA,NA,143,752,743,NA,NA,1495,"kingfr01",0,"Frankie King"
"639","MICHIGAN","MICHIGAN","MICHIGAN","MICHIGAN",NA,34,36,29,31,130,953,1174,931,1054,4112,128,148,139,168,583,258,291,284,388,1221,28,37,29,28,122,60,92,87,109,348,53,57,51,93,254,72,88,79,137,376,NA,NA,NA,NA,NA,112,159,109,155,535,78,110,76,90,354,28,57,44,58,187,9,19,12,5,45,72,84,76,94,326,53,75,69,72,269,337,390,358,457,1542,"kingji02",0,"Jimmy King"
"640","NEBRASKA","NEBRASKA","NEBRASKA","NEBRASKA",NA,29,33,28,34,124,420,771,809,928,2928,56,136,170,202,564,108,235,305,353,1001,NA,NA,NA,2,2,NA,NA,NA,5,5,24,91,110,120,345,34,139,158,179,510,NA,NA,NA,NA,NA,84,195,208,274,761,22,53,58,90,223,6,24,13,23,66,20,50,45,68,183,39,79,68,87,273,72,124,76,87,359,136,363,450,526,1475,"kingri01",0.2,"Rich King"
"641","OKLAHOMA","OKLAHOMA","OKLAHOMA","OKLAHOMA",NA,14,28,39,33,114,230,441,1212,1142,3025,26,71,337,324,758,67,162,621,618,1468,NA,NA,NA,NA,NA,NA,NA,NA,NA,NA,32,54,195,211,492,43,87,289,294,713,NA,NA,NA,NA,NA,53,108,332,332,825,4,13,44,62,123,NA,NA,NA,NA,NA,NA,NA,NA,NA,NA,NA,NA,NA,NA,NA,NA,NA,NA,NA,NA,84,196,869,859,2008,"kingst01",10.9,"Stacey King"
"642","VILLANOVA","VILLANOVA","VILLANOVA","VILLANOVA",NA,27,32,33,30,122,875,1258,1218,1059,4410,108,233,264,216,821,224,516,504,475,1719,41,73,86,78,278,95,209,209,193,706,37,91,92,103,323,55,129,120,145,449,NA,NA,NA,NA,NA,94,207,201,213,715,79,109,115,105,408,47,87,71,72,277,11,13,13,11,48,53,71,70,55,249,43,41,55,45,184,294,630,706,613,2243,"kittlke01",44.8,"Kerry Kittles"
"643","MISSOURI","MISSOURI",NA,NA,NA,16,33,NA,NA,49,370,1038,NA,NA,1408,64,165,NA,NA,229,146,409,NA,NA,555,8,31,NA,NA,39,23,113,NA,NA,136,41,169,NA,NA,210,66,231,NA,NA,297,NA,NA,NA,NA,NA,135,250,NA,NA,385,13,53,NA,NA,66,7,20,NA,NA,27,5,9,NA,NA,14,NA,NA,NA,NA,NA,NA,NA,NA,NA,NA,177,530,NA,NA,707,"kleizli01",13.6,"Linas Kleiza"
"644","STANFORD","STANFORD","STANFORD","STANFORD",NA,28,28,29,30,115,916,912,915,960,3703,90,146,140,139,515,254,321,323,341,1239,11,19,18,45,93,55,51,61,110,277,121,153,151,166,591,160,204,178,199,741,NA,NA,NA,NA,NA,108,109,110,111,438,150,184,212,234,780,77,78,60,83,298,4,1,4,4,13,101,95,105,103,404,83,79,76,85,323,312,464,449,489,1714,"knighbr01",32.6,"Brevin Knight"
"645","KENTUCKY",NA,NA,NA,NA,38,NA,NA,NA,38,1363,NA,NA,NA,1363,217,NA,NA,NA,217,513,NA,NA,NA,513,87,NA,NA,NA,87,231,NA,NA,NA,231,136,NA,NA,NA,136,171,NA,NA,NA,171,25,NA,NA,NA,25,153,NA,NA,NA,153,159,NA,NA,NA,159,25,NA,NA,NA,25,8,NA,NA,NA,8,120,NA,NA,NA,120,83,NA,NA,NA,83,657,NA,NA,NA,657,"knighbr03",11.6,"Brandon Knight"
"646","DAYTON","DAYTON","DAYTON","DAYTON",NA,30,31,29,32,122,801,1169,1024,1072,4066,75,176,145,234,630,198,373,396,465,1432,NA,10,13,71,94,NA,36,41,144,221,63,97,100,192,452,94,136,136,240,606,NA,NA,NA,NA,NA,63,98,96,123,380,128,151,168,88,535,25,36,47,54,162,3,1,3,6,13,76,86,87,99,348,78,78,78,85,319,213,459,403,731,1806,"knighne01",4.2,"Negele Knight"
"647","UCONN","UCONN","UCONN","UCONN",NA,24,33,33,34,124,278,390,768,854,2290,29,36,129,126,320,63,82,231,242,618,0,NA,NA,NA,0,5,NA,NA,NA,5,11,9,41,59,120,27,18,63,85,193,NA,NA,NA,NA,NA,61,97,272,317,747,9,24,38,71,142,6,13,29,24,72,23,32,56,68,179,27,21,54,77,179,44,77,105,81,307,69,81,299,311,760,"knightr01",7.9,"Travis Knight"
"648","VANDY","VANDY","VANDY","VANDY",NA,26,27,31,33,117,425,246,691,1047,2409,51,20,86,220,377,102,45,171,388,706,NA,1,0,2,3,NA,1,1,7,9,24,18,27,112,181,35,24,39,184,282,NA,NA,NA,NA,NA,95,61,133,235,524,9,10,33,41,93,11,2,27,27,67,1,4,4,10,19,32,12,31,48,123,44,28,74,87,233,126,59,199,554,938,"kornefr01",0,"Frank Kornet"
"649","CREIGHTON","CREIGHTON","CREIGHTON","CREIGHTON",NA,33,32,29,34,128,601,941,916,1082,3540,97,148,131,183,559,204,315,274,391,1184,63,100,79,129,371,145,221,184,269,819,34,72,97,109,312,38,83,109,120,350,NA,NA,NA,NA,NA,101,186,160,217,664,32,63,95,104,294,21,56,45,50,172,5,14,16,23,58,43,57,63,68,231,57,82,69,89,297,291,468,438,604,1801,"korveky01",67.2,"Kyle Korver"
"650","OHIOST",NA,NA,NA,NA,37,NA,NA,NA,37,1003,NA,NA,NA,1003,222,NA,NA,NA,222,437,NA,NA,NA,437,22,NA,NA,NA,22,63,NA,NA,NA,63,68,NA,NA,NA,68,100,NA,NA,NA,100,NA,NA,NA,NA,NA,247,NA,NA,NA,247,19,NA,NA,NA,19,16,NA,NA,NA,16,67,NA,NA,NA,67,55,NA,NA,NA,55,NA,NA,NA,NA,NA,534,NA,NA,NA,534,"koufoko01",25.3,"Kosta Koufos"
"651","KENTUCKY",NA,NA,NA,NA,36,NA,NA,NA,36,567,NA,NA,NA,567,98,NA,NA,NA,98,190,NA,NA,NA,190,0,NA,NA,NA,0,2,NA,NA,NA,2,41,NA,NA,NA,41,62,NA,NA,NA,62,35,NA,NA,NA,35,113,NA,NA,NA,113,11,NA,NA,NA,11,9,NA,NA,NA,9,59,NA,NA,NA,59,33,NA,NA,NA,33,108,NA,NA,NA,108,237,NA,NA,NA,237,"labissk01",1.9,"Skal Labissiere"
"652","DUKE","DUKE","DUKE","DUKE",NA,36,38,39,35,148,607,1135,1178,1128,4048,115,194,271,254,834,159,380,471,442,1452,1,6,18,54,79,1,12,53,97,163,88,225,211,189,713,121,269,263,232,885,NA,NA,NA,NA,NA,170,364,340,275,1149,44,84,76,69,273,35,59,75,74,243,28,41,44,32,145,58,101,121,116,396,104,120,111,90,425,319,619,771,751,2460,"laettch01",64.9,"Christian Laettner"
"653","KANSAS","KANSAS","KANSAS","KANSAS",NA,31,34,36,30,131,732,917,1041,NA,2690,143,189,261,232,825,268,348,447,423,1486,2,2,1,8,13,5,7,6,17,35,65,74,143,121,403,102,112,188,164,566,NA,NA,NA,NA,NA,231,278,335,342,1186,17,14,25,30,86,9,29,33,27,98,20,27,46,45,138,56,62,64,NA,182,71,86,96,NA,253,353,454,666,593,2066,"lafrera01",39.4,"Raef LaFrentz"
"655","KENTUCKY","KENTUCKY",NA,NA,NA,38,40,NA,NA,78,1078,1249,NA,NA,2327,161,175,NA,NA,336,324,369,NA,NA,693,68,76,NA,NA,144,140,163,NA,NA,303,79,123,NA,NA,202,100,149,NA,NA,249,19,15,NA,NA,34,75,108,NA,NA,183,62,60,NA,NA,122,22,19,NA,NA,41,6,2,NA,NA,8,50,44,NA,NA,94,85,72,NA,NA,157,469,549,NA,NA,1018,"lambdo01",0.1,"Doron Lamb"
"656","UCONN","UCONN",NA,NA,NA,41,34,NA,NA,75,1140,1266,NA,NA,2406,182,217,NA,NA,399,374,454,NA,NA,828,46,71,NA,NA,117,125,211,NA,NA,336,47,98,NA,NA,145,59,121,NA,NA,180,50,32,NA,NA,82,183,166,NA,NA,349,66,58,NA,NA,124,35,42,NA,NA,77,25,21,NA,NA,46,52,68,NA,NA,120,64,57,NA,NA,121,457,603,NA,NA,1060,"lambje01",13.6,"Jeremy Lamb"
"657","CALIFORNIA","CALIFORNIA","CALIFORNIA","CALIFORNIA",NA,27,32,33,31,123,NA,912,1101,1073,3086,89,151,212,209,661,198,307,417,416,1338,5,4,1,7,17,19,12,17,33,81,43,90,124,180,437,73,142,192,244,651,NA,NA,NA,NA,NA,141,280,244,224,889,45,45,103,102,295,15,22,20,29,86,22,16,17,14,69,NA,85,96,112,293,NA,85,81,79,245,226,396,549,605,1776,"lamplse01",1.1,"Sean Lampley"
"658","PURDUE","PURDUE","PURDUE",NA,NA,25,5,34,NA,64,757,123,1035,NA,1915,160,24,219,NA,403,259,43,367,NA,669,4,2,4,NA,10,18,6,19,NA,43,132,26,201,NA,359,195,31,277,NA,503,NA,NA,NA,NA,NA,178,26,249,NA,453,31,5,42,NA,78,21,4,40,NA,65,18,2,32,NA,52,NA,NA,NA,NA,NA,NA,NA,NA,NA,NA,456,76,643,NA,1175,"landrca01",35.9,"Carl Landry"
"659","DUKE","DUKE","DUKE","DUKE",NA,36,34,31,34,135,426,763,808,1023,3020,57,77,80,153,367,94,137,153,260,644,NA,NA,0,0,0,NA,NA,1,2,3,40,65,55,118,278,76,99,84,163,422,NA,NA,NA,NA,NA,82,139,171,184,576,7,23,25,35,90,14,20,19,15,68,28,10,30,38,106,25,43,56,74,198,55,87,80,83,305,154,219,215,424,1012,"langan02",1.7,"Antonio Lang"
"660","DUKE","DUKE","DUKE","DUKE",NA,31,33,36,36,136,797,972,NA,1117,2886,124,137,171,191,623,274,308,385,413,1380,59,86,85,112,342,138,195,215,254,802,44,113,101,128,386,56,126,114,152,448,NA,NA,NA,NA,NA,65,97,104,123,389,48,68,70,69,255,13,33,22,52,120,4,10,8,3,25,38,50,NA,64,152,69,56,NA,84,209,351,473,528,622,1974,"langdtr01",2.9,"Trajan Langdon"
"661","VANDY","VANDY","VANDY","VANDY",NA,32,31,29,30,122,477,NA,954,1033,2464,33,68,162,222,485,76,162,338,465,1041,9,24,47,58,138,27,67,122,144,360,55,36,141,162,394,74,47,167,186,474,NA,NA,NA,NA,NA,76,91,211,181,559,9,14,36,23,82,11,11,23,13,58,4,6,7,9,26,27,NA,70,53,150,32,NA,52,56,140,130,196,512,664,1502,"langhda01",0.3,"Dan Langhi"
"662","MIAMIFL","MIAMIFL",NA,NA,NA,32,36,NA,NA,68,820,1311,NA,NA,2131,73,183,NA,NA,256,203,382,NA,NA,585,32,69,NA,NA,101,99,170,NA,NA,269,60,87,NA,NA,147,70,112,NA,NA,182,18,17,NA,NA,35,80,138,NA,NA,218,81,164,NA,NA,245,50,71,NA,NA,121,2,4,NA,NA,6,60,82,NA,NA,142,52,59,NA,NA,111,238,522,NA,NA,760,"larkish01",3.8,"Shane Larkin"
"663","UMASS","UMASS","UMASS","UMASS",NA,29,28,28,33,118,386,649,816,1010,2861,39,65,109,165,378,72,114,179,270,635,0,0,0,0,0,0,0,0,0,0,15,47,76,117,255,34,67,121,188,410,NA,NA,NA,NA,NA,100,148,195,315,758,11,33,31,28,103,10,28,21,29,88,51,72,108,168,399,NA,NA,NA,NA,NA,NA,NA,NA,NA,NA,93,177,294,447,1011,"lasmest01",0.3,"Stephane Lasme"
"664","CENTRALST",NA,NA,NA,NA,13,NA,NA,NA,13,NA,NA,NA,NA,NA,121,NA,NA,NA,121,177,NA,NA,NA,177,0,NA,NA,NA,0,2,NA,NA,NA,2,19,NA,NA,NA,19,47,NA,NA,NA,47,NA,NA,NA,NA,NA,132,NA,NA,NA,132,16,NA,NA,NA,16,3,NA,NA,NA,3,35,NA,NA,NA,35,26,NA,NA,NA,26,47,NA,NA,NA,47,261,NA,NA,NA,261,"laudepr01",-0.8,"Priest Lauderdale"
"665","UCLA",NA,NA,NA,NA,37,NA,NA,NA,37,904,NA,NA,NA,904,127,NA,NA,NA,127,288,NA,NA,NA,288,48,NA,NA,NA,48,128,NA,NA,NA,128,47,NA,NA,NA,47,68,NA,NA,NA,68,18,NA,NA,NA,18,94,NA,NA,NA,94,66,NA,NA,NA,66,33,NA,NA,NA,33,6,NA,NA,NA,6,42,NA,NA,NA,42,73,NA,NA,NA,73,349,NA,NA,NA,349,"lavinza01",5,"Zach LaVine"
"666","TEXASAM","TEXASAM","TEXASAM","TEXASAM",NA,27,31,30,34,122,624,941,1042,1153,3760,75,140,174,216,605,194,284,388,432,1298,11,28,37,38,114,51,73,112,83,319,41,63,97,144,345,54,88,127,185,454,NA,NA,NA,NA,NA,56,109,101,113,379,104,153,119,169,545,34,33,50,39,156,0,0,1,1,2,NA,NA,NA,NA,NA,NA,NA,NA,NA,NA,202,371,482,614,1669,"lawac01",1.6,"Acie Law"
"667","GATECH","GATECH","GATECH",NA,NA,32,31,36,NA,99,NA,NA,930,NA,930,90,184,172,NA,446,158,331,325,NA,814,0,0,0,NA,0,1,1,1,NA,3,49,99,127,NA,275,99,177,222,NA,498,NA,NA,105,NA,105,113,294,305,NA,712,9,19,15,NA,43,12,31,16,NA,59,32,46,49,NA,127,54,79,78,NA,211,NA,NA,76,NA,76,229,467,471,NA,1167,"lawalga01",0,"Gani Lawal"
"668","VILLANOVA","VILLANOVA","VILLANOVA","VILLANOVA",NA,32,33,32,34,131,889,952,920,1057,3818,114,153,128,139,534,218,257,206,230,911,NA,NA,0,NA,0,NA,NA,1,NA,1,95,119,138,145,497,163,163,199,193,718,NA,NA,NA,NA,NA,210,222,218,258,908,39,50,39,50,178,14,24,21,38,97,89,86,95,105,375,80,87,88,81,336,136,122,104,101,463,323,425,394,423,1565,"lawsoja01",0.5,"Jason Lawson"
"669","UNC","UNC","UNC",NA,NA,38,32,35,NA,105,NA,NA,NA,NA,NA,141,140,182,NA,463,282,272,342,NA,896,31,30,51,NA,112,87,83,108,NA,278,75,96,166,NA,337,109,115,208,NA,432,NA,NA,NA,NA,NA,112,87,104,NA,303,213,165,230,NA,608,58,51,75,NA,184,4,1,5,NA,10,NA,70,66,NA,136,NA,NA,NA,NA,NA,388,406,581,NA,1375,"lawsoty01",42.1,"Ty Lawson"
"670","MARYLAND","MARYLAND","MARYLAND","MARYLAND",NA,38,32,35,36,141,757,1016,1053,1112,3938,74,125,143,140,482,187,312,304,280,1083,35,61,45,57,198,117,167,119,144,547,25,64,106,79,274,36,89,141,95,361,35,41,45,38,159,123,159,203,189,674,36,30,49,41,156,21,34,28,40,123,24,27,26,36,113,39,37,67,61,204,62,66,75,69,272,208,375,437,416,1436,"laymaja01",-0.3,"Jake Layman"
"671","UCLA",NA,NA,NA,NA,35,NA,NA,NA,35,1048,NA,NA,NA,1048,235,NA,NA,NA,235,381,NA,NA,NA,381,27,NA,NA,NA,27,58,NA,NA,NA,58,72,NA,NA,NA,72,106,NA,NA,NA,106,78,NA,NA,NA,78,287,NA,NA,NA,287,85,NA,NA,NA,85,22,NA,NA,NA,22,39,NA,NA,NA,39,52,NA,NA,NA,52,89,NA,NA,NA,89,569,NA,NA,NA,569,"leaftj01",0.5,"T.J. Leaf"
"672","WKENTUCKY","WKENTUCKY","WKENTUCKY","WKENTUCKY",NA,31,30,30,36,127,1028,932,918,1079,3957,176,180,187,259,802,391,399,396,543,1729,57,62,57,69,245,143,152,142,174,611,52,100,89,148,389,72,118,106,180,476,NA,NA,NA,NA,NA,160,189,139,175,663,63,86,57,75,281,55,77,45,65,242,17,10,23,28,78,NA,NA,NA,84,84,NA,NA,NA,NA,NA,461,522,520,735,2238,"leeco01",37.6,"Courtney Lee"
"673","FLORIDA","FLORIDA","FLORIDA","FLORIDA",NA,31,33,31,32,127,557,866,851,897,3171,84,149,150,160,543,145,230,255,305,935,0,0,0,0,0,0,0,2,4,6,50,73,112,115,350,91,117,145,161,514,NA,NA,NA,NA,NA,145,224,212,288,869,32,61,88,70,251,20,24,35,34,113,21,48,16,24,109,NA,NA,NA,NA,NA,NA,NA,NA,NA,NA,218,371,412,435,1436,"leeda02",76,"David Lee"
"674","UCLA","UCLA","UCLA",NA,NA,29,32,33,NA,94,NA,1112,1093,NA,2205,38,133,141,NA,312,76,308,323,NA,707,6,26,39,NA,71,20,103,132,NA,255,10,96,112,NA,218,24,136,144,NA,304,NA,40,23,NA,63,44,141,101,NA,286,17,100,67,NA,184,14,36,22,NA,72,4,9,7,NA,20,22,83,56,NA,161,NA,74,80,NA,154,92,388,433,NA,913,"leema01",0.4,"Malcolm Lee"
"675","MARYLAND","MARYLAND",NA,NA,NA,22,38,NA,NA,60,466,1004,NA,NA,1470,52,173,NA,NA,225,94,324,NA,NA,418,0,1,NA,NA,1,1,8,NA,NA,9,27,105,NA,NA,132,46,153,NA,NA,199,36,109,NA,NA,145,119,298,NA,NA,417,13,37,NA,NA,50,4,8,NA,NA,12,47,78,NA,NA,125,33,60,NA,NA,93,54,101,NA,NA,155,131,452,NA,NA,583,"lenal01",10.6,"Alex Len"
"676","MINNESOTA","MINNESOTA","MINNESOTA","MINNESOTA",NA,32,31,33,31,127,868,883,1029,992,3772,139,192,218,174,723,330,399,462,422,1613,51,58,86,81,276,144,158,209,244,755,82,89,103,107,381,101,111,122,141,475,NA,NA,NA,NA,NA,118,113,123,134,488,86,82,74,80,322,51,49,43,30,173,10,9,12,10,41,69,55,66,49,239,86,75,95,71,327,411,531,625,536,2103,"lenarvo01",29.6,"Voshon Lenard"
"677","MISSOURI","MISSOURI","MISSOURI","MISSOURI",NA,34,32,29,37,132,685,416,339,776,2216,67,60,59,160,346,141,113,94,270,618,NA,NA,NA,NA,NA,NA,NA,NA,NA,NA,35,22,35,65,157,80,35,76,113,304,NA,NA,NA,NA,NA,123,99,100,205,527,NA,NA,NA,NA,NA,14,4,10,17,45,17,24,12,42,95,59,33,30,57,179,62,55,52,87,256,169,142,153,385,849,"leonaga01",0.1,"Gary Leonard"
"678","SANDIEGOST","SANDIEGOST",NA,NA,NA,34,36,NA,NA,70,1064,1172,NA,NA,2236,166,211,NA,NA,377,365,475,NA,NA,840,16,25,NA,NA,41,78,86,NA,NA,164,85,110,NA,NA,195,117,145,NA,NA,262,119,111,NA,NA,230,336,380,NA,NA,716,65,91,NA,NA,156,47,51,NA,NA,98,24,21,NA,NA,45,77,76,NA,NA,153,85,89,NA,NA,174,433,557,NA,NA,990,"leonaka01",56.3,"Kawhi Leonard"
"679","ILLINOIS","ILLINOIS",NA,NA,NA,33,32,NA,NA,65,272,1018,NA,NA,1290,28,170,NA,NA,198,58,291,NA,NA,349,0,1,NA,NA,1,1,11,NA,NA,12,12,93,NA,NA,105,17,127,NA,NA,144,10,73,NA,NA,83,41,262,NA,NA,303,5,43,NA,NA,48,5,15,NA,NA,20,13,60,NA,NA,73,26,68,NA,NA,94,50,94,NA,NA,144,68,434,NA,NA,502,"leoname01",10.1,"Meyers Leonard"
"680","GEORGIA","GEORGIA","GEORGIA",NA,NA,26,31,33,NA,90,NA,912,1062,NA,1974,71,169,177,NA,417,159,347,360,NA,866,0,6,13,NA,19,3,11,43,NA,57,23,114,109,NA,246,40,155,136,NA,331,NA,96,106,NA,202,102,212,237,NA,551,16,78,97,NA,191,21,40,40,NA,101,13,30,20,NA,63,27,82,71,NA,180,NA,65,63,NA,128,165,458,476,NA,1099,"leslitr01",0.1,"Travis Leslie"
"681","WISCONSIN","WISCONSIN","WISCONSIN","WISCONSIN",NA,32,33,24,34,123,NA,NA,691,1139,1830,34,115,142,227,518,72,247,272,483,1074,12,16,18,54,100,26,54,46,146,272,14,46,67,113,240,29,76,93,134,332,NA,NA,35,57,92,40,126,139,246,551,12,28,39,56,135,4,17,13,17,51,3,20,32,30,85,20,44,24,54,142,NA,NA,50,75,125,94,292,369,621,1376,"leuerjo01",12.3,"Jon Leuer"
"683","MICHIGAN","MICHIGAN","MICHIGAN","MICHIGAN",NA,33,37,18,15,103,354,1258,645,464,2721,28,163,93,82,366,89,371,221,162,843,13,60,32,29,134,43,147,79,65,334,7,92,51,54,204,14,120,63,68,265,6,19,5,9,39,36,160,88,80,364,25,109,67,74,275,6,44,32,15,97,2,10,7,3,22,10,62,39,25,136,39,63,31,18,151,76,478,269,247,1070,"leverca01",3,"Caris LeVert"
"684","BUTLERCOCC","SEWARDCCC",NA,NA,NA,33,37,NA,NA,70,NA,NA,NA,NA,NA,212,307,NA,NA,519,384,472,NA,NA,856,44,22,NA,NA,66,114,78,NA,NA,192,108,202,NA,NA,310,166,307,NA,NA,473,NA,NA,NA,NA,NA,207,304,NA,NA,511,53,64,NA,NA,117,NA,NA,NA,NA,NA,NA,NA,NA,NA,NA,NA,NA,NA,NA,NA,NA,NA,NA,NA,NA,576,838,NA,NA,1414,"lewisma01",0.1,"Martin Lewis"
"685","MINNESOTA","MINNESOTA","MINNESOTA","MINNESOTA",NA,30,35,35,27,127,407,618,NA,913,1938,76,110,197,226,609,167,230,431,495,1323,26,16,32,53,127,71,58,107,133,369,24,45,80,120,269,36,70,118,148,372,NA,NA,NA,NA,NA,56,91,195,160,502,35,51,66,38,190,17,44,68,0,129,11,16,50,0,77,42,49,NA,56,147,68,82,NA,78,228,202,281,506,625,1614,"lewisqu01",0.8,"Quincy Lewis"
"686","ILLINOIS","ILLINOIS",NA,NA,NA,36,29,NA,NA,65,748,958,NA,NA,1706,120,203,NA,NA,323,252,400,NA,NA,652,6,8,NA,NA,14,12,21,NA,NA,33,57,103,NA,NA,160,73,135,NA,NA,208,NA,NA,NA,NA,NA,141,206,NA,NA,347,42,39,NA,NA,81,38,32,NA,NA,70,10,26,NA,NA,36,57,46,NA,NA,103,65,86,NA,NA,151,303,517,NA,NA,820,"liberma01",4,"Marcus Liberty"
"687","STANFORD","STANFORD","STANFORD","STANFORD",NA,30,28,33,33,124,876,974,1140,1117,4107,188,170,222,240,820,353,329,406,437,1525,NA,30,46,36,112,NA,63,89,83,235,140,123,174,147,584,172,152,198,173,695,NA,NA,NA,NA,NA,142,160,184,166,652,38,70,92,104,304,47,35,40,34,156,3,7,10,6,26,69,61,92,79,301,78,64,76,58,276,516,493,664,663,2336,"lichtto01",5.6,"Todd Lichti"
"688","KENTUCKY","KENTUCKY","KENTUCKY",NA,NA,33,29,38,NA,100,NA,445,1201,NA,1646,46,36,112,NA,194,127,86,264,NA,477,12,14,36,NA,62,51,44,92,NA,187,35,23,68,NA,126,52,39,105,NA,196,NA,18,22,NA,40,77,66,153,NA,296,92,24,96,NA,212,24,20,46,NA,90,14,8,28,NA,50,75,17,55,NA,147,NA,42,94,NA,136,139,109,328,NA,576,"liggide01",1.3,"DeAndre Liggins"
"689","WEBERST","WEBERST","WEBERST","WEBERST",NA,31,31,10,32,104,NA,1062,285,1105,2452,119,185,49,231,584,274,429,112,495,1310,49,84,19,94,246,131,214,55,230,630,69,163,60,228,520,82,191,70,257,600,NA,11,6,17,34,120,125,38,161,444,89,112,33,128,362,33,35,14,47,129,6,4,2,7,19,70,74,28,74,246,NA,58,23,62,143,356,617,177,784,1934,"lillada01",50.6,"Damian Lillard"
"690","LSU","LSU",NA,NA,NA,16,13,NA,NA,29,550,318,NA,NA,868,81,24,NA,NA,105,185,83,NA,NA,268,20,1,NA,NA,21,65,20,NA,NA,85,42,30,NA,NA,72,62,38,NA,NA,100,NA,NA,NA,NA,NA,64,30,NA,NA,94,151,69,NA,NA,220,40,27,NA,NA,67,3,2,NA,NA,5,86,37,NA,NA,123,39,23,NA,NA,62,224,79,NA,NA,303,"livinra01",2.3,"Randy Livingston"
"691","NMEXICO","NMEXICO","NMEXICO","NMEXICO",NA,35,33,34,30,132,424,966,1192,1067,3649,60,174,233,229,696,120,301,417,349,1187,NA,NA,NA,0,0,NA,NA,NA,2,2,20,80,161,116,377,51,104,196,162,513,NA,NA,NA,NA,NA,94,223,330,275,922,22,78,108,109,317,10,25,31,26,92,34,90,117,95,336,39,79,112,113,343,64,92,90,83,329,140,428,627,574,1769,"longllu01",17.5,"Luc Longley"
"692","UCLA",NA,NA,NA,NA,36,NA,NA,NA,36,1113,NA,NA,NA,1113,151,NA,NA,NA,151,321,NA,NA,NA,321,22,NA,NA,NA,22,53,NA,NA,NA,53,92,NA,NA,NA,92,147,NA,NA,NA,147,122,NA,NA,NA,122,331,NA,NA,NA,331,51,NA,NA,NA,51,46,NA,NA,NA,46,32,NA,NA,NA,32,45,NA,NA,NA,45,104,NA,NA,NA,104,416,NA,NA,NA,416,"looneke01",2.7,"Kevon Looney"
"693","STANFORD","STANFORD",NA,NA,NA,26,27,NA,NA,53,654,831,NA,NA,1485,140,184,NA,NA,324,282,393,NA,NA,675,3,0,NA,NA,3,15,6,NA,NA,21,45,153,NA,NA,198,65,194,NA,NA,259,NA,NA,NA,NA,NA,156,221,NA,NA,377,20,37,NA,NA,57,11,16,NA,NA,27,45,56,NA,NA,101,NA,58,NA,NA,58,NA,NA,NA,NA,NA,328,521,NA,NA,849,"lopezbr01",50.8,"Brook Lopez"
"694","STJOHNS","STJOHNS","STJOHNS","STJOHNS",NA,28,27,27,32,114,966,905,955,NA,2826,166,156,142,206,670,404,384,349,478,1615,35,26,27,60,148,114,100,108,178,500,131,99,119,90,439,174,145,192,157,668,NA,NA,NA,NA,NA,160,168,183,152,663,77,51,61,85,274,41,29,28,37,135,13,14,12,24,63,90,85,97,NA,272,75,62,80,NA,217,498,437,430,562,1927,"lopezfe01",3.1,"Felipe Lopez"
"695","STANFORD","STANFORD",NA,NA,NA,31,36,NA,NA,67,743,883,NA,NA,1626,96,140,NA,NA,236,200,262,NA,NA,462,0,1,NA,NA,1,1,1,NA,NA,2,42,86,NA,NA,128,77,132,NA,NA,209,NA,NA,NA,NA,NA,172,204,NA,NA,376,29,22,NA,NA,51,5,18,NA,NA,23,73,83,NA,NA,156,NA,63,NA,NA,63,NA,NA,NA,NA,NA,234,367,NA,NA,601,"lopezro01",40.1,"Robin Lopez"
"697","UCLA",NA,NA,NA,NA,39,NA,NA,NA,39,1156,NA,NA,NA,1156,227,NA,NA,NA,227,406,NA,NA,NA,406,29,NA,NA,NA,29,82,NA,NA,NA,82,198,NA,NA,NA,198,258,NA,NA,NA,258,NA,NA,NA,NA,NA,415,NA,NA,NA,415,75,NA,NA,NA,75,27,NA,NA,NA,27,56,NA,NA,NA,56,78,NA,NA,NA,78,NA,NA,NA,NA,NA,681,NA,NA,NA,681,"loveke01",75.6,"Kevin Love"
"698","VILLANOVA","VILLANOVA",NA,NA,NA,24,33,NA,NA,57,557,967,NA,NA,1524,64,117,NA,NA,181,152,251,NA,NA,403,5,8,NA,NA,13,22,18,NA,NA,40,47,121,NA,NA,168,74,154,NA,NA,228,NA,NA,NA,NA,NA,76,143,NA,NA,219,49,122,NA,NA,171,31,77,NA,NA,108,5,8,NA,NA,13,NA,NA,NA,NA,NA,NA,NA,NA,NA,NA,180,363,NA,NA,543,"lowryky01",74.7,"Kyle Lowry"
"699","NEBRASKA","NEBRASKA","NEBRASKA",NA,NA,35,32,32,NA,99,1033,1150,NA,NA,2183,105,215,240,NA,560,232,476,547,NA,1255,20,47,78,NA,145,61,137,209,NA,407,66,126,120,NA,312,96,155,145,NA,396,NA,NA,NA,NA,NA,106,93,137,NA,336,144,136,152,NA,432,50,41,63,NA,154,2,0,3,NA,5,96,127,NA,NA,223,85,74,NA,NA,159,296,603,678,NA,1577,"luety01",19.7,"Tyronn Lue"
"700","SYRACUSE","SYRACUSE",NA,NA,NA,37,34,NA,NA,71,1122,1227,NA,NA,2349,127,151,NA,NA,278,265,319,NA,NA,584,49,49,NA,NA,98,121,124,NA,NA,245,72,97,NA,NA,169,93,116,NA,NA,209,66,79,NA,NA,145,233,294,NA,NA,527,41,70,NA,NA,111,42,35,NA,NA,77,67,49,NA,NA,116,47,59,NA,NA,106,100,84,NA,NA,184,375,448,NA,NA,823,"lydonty01",0,"Tyler Lydon"
"701","KENTUCKY",NA,NA,NA,NA,36,NA,NA,NA,36,828,NA,NA,NA,828,117,NA,NA,NA,117,240,NA,NA,NA,240,4,NA,NA,NA,4,29,NA,NA,NA,29,75,NA,NA,NA,75,102,NA,NA,NA,102,65,NA,NA,NA,65,188,NA,NA,NA,188,38,NA,NA,NA,38,19,NA,NA,NA,19,16,NA,NA,NA,16,41,NA,NA,NA,41,57,NA,NA,NA,57,313,NA,NA,NA,313,"lylestr01",5.6,"Trey Lyles"
"702","UNC","UNC","UNC","UNC",NA,34,35,33,38,140,663,912,982,1148,3705,112,172,192,235,711,215,329,356,469,1369,1,7,1,2,11,3,10,8,11,32,67,85,74,88,314,101,135,114,132,482,NA,NA,NA,NA,NA,183,258,291,365,1097,34,41,86,72,233,37,49,66,89,241,14,15,10,21,60,66,86,77,89,318,105,91,105,85,386,292,436,459,560,1747,"lynchge01",32.3,"George Lynch"
"703","MINNESOTA","MINNESOTA","MINNESOTA","MINNESOTA",NA,28,31,32,28,119,445,854,943,952,3194,39,123,167,190,519,101,262,330,413,1106,10,24,41,42,117,22,66,103,107,298,15,48,53,84,200,19,64,71,101,255,NA,NA,NA,NA,NA,31,131,91,121,374,39,70,102,90,301,14,22,43,48,127,5,4,11,9,29,31,59,66,59,215,64,85,80,56,285,103,318,428,506,1355,"lynchke01",0.4,"Kevin Lynch"
"704","WASHINGTON","WASHINGTON","WASHINGTON","WASHINGTON",NA,28,28,30,29,115,419,614,NA,904,1937,104,163,225,210,702,154,241,346,317,1058,0,0,0,0,0,0,0,0,0,0,38,72,107,122,339,59,98,152,204,513,NA,NA,NA,NA,NA,134,204,292,345,975,4,12,11,24,51,10,17,13,29,69,32,25,38,47,142,26,48,NA,42,116,77,88,NA,74,239,246,398,557,542,1743,"maccuto01",11.9,"Todd MacCulloch"
"705","GATECH","GATECH","GATECH","GATECH",NA,35,30,35,30,130,836,1047,1211,1047,4141,113,190,212,193,708,202,345,388,364,1299,NA,0,0,0,0,NA,1,1,1,3,26,80,129,83,318,59,134,189,130,512,NA,NA,NA,NA,NA,262,321,316,306,1205,16,30,54,41,141,13,16,17,14,60,41,54,43,61,199,40,59,85,81,265,101,102,97,93,393,252,460,553,469,1734,"mackema01",0.1,"Malcolm Mackey"
"706","GEORGETOWN","GEORGETOWN","FLORIDA","FLORIDA",NA,31,34,34,37,136,NA,NA,859,905,1764,40,52,156,191,439,54,87,257,322,720,0,0,0,0,0,0,1,0,0,1,10,12,47,46,115,23,48,80,102,253,NA,NA,91,82,173,45,72,188,199,504,16,22,26,30,94,1,8,20,13,42,3,25,29,26,83,NA,26,46,63,135,NA,NA,81,91,172,90,116,359,428,993,"macklve01",0.5,"Vernon Macklin"
"707","BUTLER","BUTLER","BUTLER",NA,NA,32,38,38,NA,108,NA,1173,1219,NA,2392,122,192,201,NA,515,312,423,493,NA,1228,57,72,87,NA,216,175,184,246,NA,605,81,80,120,NA,281,107,109,156,NA,372,NA,20,27,NA,47,142,142,170,NA,454,111,115,131,NA,357,36,52,30,NA,118,1,5,3,NA,9,67,79,93,NA,239,NA,71,66,NA,137,382,536,609,NA,1527,"macksh01",8,"Shelvin Mack"
"708","UCLA","UCLA","UCLA","UCLA",NA,31,33,31,32,127,999,1111,1008,1033,4151,217,238,259,229,943,391,461,470,454,1776,1,1,3,6,11,3,2,13,17,35,142,179,193,197,711,174,211,228,214,827,NA,NA,NA,NA,NA,231,287,226,248,992,37,35,62,66,200,16,18,16,17,67,7,16,8,5,36,71,60,79,84,294,97,87,60,75,319,577,656,714,661,2608,"macledo01",9.4,"Don MacLean"
"709","TEMPLE","TEMPLE","TEMPLE","TEMPLE",NA,34,30,31,31,126,1203,1137,1192,1190,4722,280,204,242,254,980,617,501,622,578,2318,65,43,61,77,246,154,134,185,184,657,74,97,134,98,403,96,125,168,128,517,NA,NA,NA,NA,NA,192,168,187,153,700,98,115,68,71,352,60,84,71,66,281,2,5,4,3,14,46,54,68,57,225,63,76,83,69,291,699,548,679,683,2609,"maconma01",0.1,"Mark Macon"
"710","FRESNOST",NA,NA,NA,NA,25,NA,NA,NA,25,807,NA,NA,NA,807,110,NA,NA,NA,110,281,NA,NA,NA,281,20,NA,NA,NA,20,70,NA,NA,NA,70,97,NA,NA,NA,97,138,NA,NA,NA,138,NA,NA,NA,NA,NA,144,NA,NA,NA,144,200,NA,NA,NA,200,41,NA,NA,NA,41,5,NA,NA,NA,5,130,NA,NA,NA,130,67,NA,NA,NA,67,337,NA,NA,NA,337,"maddoti01",0,"Tito Maddox"
"711","STANFORD","STANFORD","STANFORD","STANFORD",NA,25,27,33,23,108,410,NA,969,628,2007,51,116,153,108,428,95,197,253,184,729,0,0,0,0,0,0,1,1,0,2,45,83,127,65,320,74,132,218,113,537,NA,NA,NA,NA,NA,126,220,297,214,857,8,20,16,25,69,6,11,17,13,47,11,11,21,21,64,22,NA,51,34,107,77,NA,75,52,204,147,315,433,281,1176,"madsema01",8.2,"Mark Madsen"
"712","DUKE",NA,NA,NA,NA,39,NA,NA,NA,39,691,NA,NA,NA,691,137,NA,NA,NA,137,261,NA,NA,NA,261,29,NA,NA,NA,29,84,NA,NA,NA,84,111,NA,NA,NA,111,155,NA,NA,NA,155,NA,NA,NA,NA,NA,151,NA,NA,NA,151,59,NA,NA,NA,59,29,NA,NA,NA,29,15,NA,NA,NA,15,80,NA,NA,NA,80,99,NA,NA,NA,99,414,NA,NA,NA,414,"maggeco01",62.2,"Corey Maggette"
"713","KENTUCKY","KENTUCKY","KENTUCKY","KENTUCKY",NA,40,38,34,33,145,626,NA,668,978,2272,75,77,94,148,394,153,158,177,296,784,0,0,0,0,0,0,0,0,0,0,45,43,49,139,276,82,64,85,203,434,NA,NA,NA,NA,NA,177,161,151,300,789,15,11,18,18,62,25,10,16,17,68,79,66,66,57,268,64,NA,42,95,201,120,NA,79,91,290,195,197,237,435,1064,"magloja01",27.7,"Jamaal Magloire"
"715","SYRACUSE","SYRACUSE","WASHINGTON","WASHINGTON",NA,36,31,29,25,121,351,387,915,776,2429,47,40,209,187,483,92,93,368,325,878,NA,NA,NA,1,1,NA,NA,NA,4,4,29,17,68,72,186,38,23,101,90,252,NA,NA,NA,NA,NA,63,67,176,209,515,6,9,22,34,71,5,8,19,15,47,10,15,15,29,69,25,27,63,59,174,61,54,76,57,248,123,97,486,447,1153,"manniri01",-0.3,"Rich Manning"
"716","IOWA","IOWA","IOWA","IOWA",NA,31,35,37,33,136,593,1031,1130,995,3749,66,139,176,183,564,174,319,430,436,1359,11,22,49,52,134,41,56,150,149,396,35,102,153,142,432,66,141,189,199,595,19,39,34,26,118,74,133,147,106,460,41,126,112,118,397,21,53,42,60,176,2,14,10,7,33,34,61,80,57,232,41,57,50,64,212,178,402,554,560,1694,"marblde01",-0.3,"Roy Devyn Marble"
"717","IOWA","IOWA","IOWA","IOWA",NA,32,35,34,33,134,930,1052,959,1031,3972,157,199,190,241,787,300,257,343,459,1359,NA,4,1,21,26,NA,14,9,53,76,85,118,141,172,516,118,173,190,226,707,NA,NA,NA,NA,NA,157,178,147,186,668,48,97,69,74,288,38,35,50,50,173,2,8,2,3,15,73,86,71,77,307,82,74,75,75,306,399,520,522,675,2116,"marblro01",-0.5,"Roy Marble"
"718","GATECH",NA,NA,NA,NA,36,NA,NA,NA,36,1345,NA,NA,NA,1345,235,NA,NA,NA,235,514,NA,NA,NA,514,88,NA,NA,NA,88,238,NA,NA,NA,238,121,NA,NA,NA,121,164,NA,NA,NA,164,NA,NA,NA,NA,NA,113,NA,NA,NA,113,161,NA,NA,NA,161,63,NA,NA,NA,63,4,NA,NA,NA,4,115,NA,NA,NA,115,82,NA,NA,NA,82,679,NA,NA,NA,679,"marbust01",77.5,"Stephon Marbury"
"719","UNLV",NA,NA,NA,NA,29,NA,NA,NA,29,954,NA,NA,NA,954,221,NA,NA,NA,221,418,NA,NA,NA,418,20,NA,NA,NA,20,67,NA,NA,NA,67,81,NA,NA,NA,81,111,NA,NA,NA,111,NA,NA,NA,NA,NA,269,NA,NA,NA,269,36,NA,NA,NA,36,73,NA,NA,NA,73,54,NA,NA,NA,54,41,NA,NA,NA,41,60,NA,NA,NA,60,543,NA,NA,NA,543,"mariosh01",124.9,"Shawn Marion"
"720","ARIZONA",NA,NA,NA,NA,37,NA,NA,NA,37,1140,NA,NA,NA,1140,185,NA,NA,NA,185,376,NA,NA,NA,376,69,NA,NA,NA,69,163,NA,NA,NA,163,137,NA,NA,NA,137,164,NA,NA,NA,164,88,NA,NA,NA,88,266,NA,NA,NA,266,32,NA,NA,NA,32,15,NA,NA,NA,15,19,NA,NA,NA,19,40,NA,NA,NA,40,73,NA,NA,NA,73,576,NA,NA,NA,576,"markkla01",2.3,"Lauri Markkanen"
"721","CALIFORNIA","CALIFORNIA","CALIFORNIA","CALIFORNIA",NA,19,12,29,26,86,177,92,513,NA,782,22,6,90,96,214,43,22,173,201,439,NA,NA,8,2,10,NA,NA,14,11,25,13,1,43,62,119,24,1,63,90,178,NA,NA,NA,NA,NA,14,24,143,197,378,5,3,20,19,47,5,1,15,27,48,12,5,30,24,71,15,7,43,NA,65,27,17,58,NA,102,57,13,231,256,557,"marksse01",2.6,"Sean Marks"
"722","UCONN","UCONN","UCONN",NA,NA,30,27,34,NA,91,806,854,1157,NA,2817,125,166,306,NA,597,295,332,599,NA,1226,15,20,41,NA,76,62,54,132,NA,248,69,107,200,NA,376,93,129,266,NA,488,NA,NA,NA,NA,NA,183,210,302,NA,695,45,30,56,NA,131,31,39,43,NA,113,78,56,108,NA,242,84,59,98,NA,241,93,61,70,NA,224,334,459,853,NA,1646,"marshdo01",59,"Donyell Marshall"
"723","UCONN","UCONN","UCONN","UCONN",NA,27,28,34,32,121,241,677,999,976,2893,17,81,152,173,423,46,174,294,379,893,NA,1,23,24,48,NA,3,64,92,159,17,54,96,136,303,24,71,124,164,383,NA,NA,NA,NA,NA,43,118,186,187,534,10,31,44,44,129,10,32,48,37,127,0,4,8,5,17,12,54,76,72,214,38,85,80,72,275,51,217,423,506,1197,"marshdo02",0.9,"Donny Marshall"
"724","UNC","UNC",NA,NA,NA,37,36,NA,NA,73,912,1189,NA,NA,2101,76,105,NA,NA,181,181,225,NA,NA,406,20,28,NA,NA,48,52,79,NA,NA,131,58,55,NA,NA,113,84,79,NA,NA,163,6,6,NA,NA,12,77,94,NA,NA,171,230,351,NA,NA,581,40,43,NA,NA,83,3,6,NA,NA,9,92,101,NA,NA,193,50,56,NA,NA,106,230,293,NA,NA,523,"marshke01",1,"Kendall Marshall"
"725","PURDUE","PURDUE","PURDUE","PURDUE",NA,33,28,34,32,127,688,931,1097,959,3675,62,131,195,192,580,119,251,421,437,1228,0,0,88,91,179,1,6,196,194,397,66,71,75,115,327,87,88,102,144,421,NA,NA,NA,NA,NA,108,103,145,125,481,50,68,66,70,254,15,16,25,21,77,2,3,4,5,14,43,57,67,47,214,41,49,54,35,179,190,333,553,590,1666,"marticu01",-0.1,"Cuonzo Martin"
"726","LSU","LSU",NA,NA,NA,32,33,NA,NA,65,837,1159,NA,NA,1996,121,202,NA,NA,323,257,397,NA,NA,654,27,14,NA,NA,41,81,52,NA,NA,133,62,140,NA,NA,202,90,203,NA,NA,293,56,98,NA,NA,154,146,305,NA,NA,451,29,59,NA,NA,88,27,38,NA,NA,65,22,23,NA,NA,45,52,92,NA,NA,144,78,92,NA,NA,170,331,558,NA,NA,889,"martija01",2.3,"Jarell Martin"
"727","MURRAYST","MURRAYST","MURRAYST","MURRAYST",NA,29,28,31,29,117,918,1041,1162,1056,4177,128,228,304,266,926,271,436,545,522,1774,NA,15,17,65,97,NA,37,48,131,216,83,123,181,148,535,123,158,231,186,698,NA,NA,NA,NA,NA,157,158,204,150,669,33,39,69,74,215,20,34,34,37,125,26,41,30,33,130,58,71,77,74,280,53,73,80,65,271,339,594,806,745,2484,"martije01",2.1,"Jeff Martin"
"728","CINCY","CINCY","CINCY","CINCY",NA,22,30,33,31,116,233,NA,900,909,2042,26,124,142,221,513,40,198,248,389,875,0,0,0,2,2,0,1,1,7,9,10,50,50,141,251,32,105,89,206,432,NA,NA,NA,NA,NA,74,267,228,300,869,10,41,49,42,142,14,30,37,43,124,24,83,78,107,292,16,NA,67,56,139,51,NA,109,71,231,62,298,334,585,1279,"martike01",48,"Kenyon Martin"
"729","WCAROLINA","WCAROLINA","WCAROLINA",NA,NA,28,24,27,NA,79,913,759,843,NA,2515,196,161,208,NA,565,405,380,439,NA,1224,73,50,51,NA,174,191,160,152,NA,503,154,174,206,NA,534,186,197,252,NA,635,NA,NA,NA,NA,NA,133,91,130,NA,354,43,43,47,NA,133,51,33,50,NA,134,10,12,8,NA,30,NA,NA,NA,NA,NA,NA,NA,NA,NA,NA,619,546,673,NA,1838,"martike02",61.3,"Kevin Martin"
"730","KENTUCKY","KENTUCKY","KENTUCKY",NA,NA,28,36,34,NA,98,677,1176,1109,NA,2962,137,279,259,NA,675,289,492,526,NA,1307,24,58,66,NA,148,82,132,180,NA,394,64,151,130,NA,345,88,213,194,NA,495,NA,NA,NA,NA,NA,195,281,284,NA,760,42,54,124,NA,220,37,65,51,NA,153,15,23,15,NA,53,56,84,103,NA,243,91,123,92,NA,306,362,767,714,NA,1843,"mashbja01",43.7,"Jamal Mashburn"
"731","OKSTATE","OKSTATE","OKSTATE","OKSTATE",NA,32,29,34,34,129,539,NA,1180,1202,2921,52,157,196,211,616,138,299,408,423,1268,17,22,27,64,130,52,69,79,149,349,23,86,106,125,340,37,126,142,163,468,NA,NA,NA,NA,NA,80,223,267,225,795,22,45,28,52,147,13,51,53,41,158,10,19,30,33,92,42,NA,73,60,175,45,NA,82,69,196,144,422,525,611,1702,"masonde01",23.1,"Desmond Mason"
"732","KANSAS","KANSAS","KANSAS","KANSAS",NA,35,36,38,36,145,565,1207,1272,1301,4345,63,150,155,241,609,151,340,357,492,1340,18,42,43,82,185,55,98,113,174,440,47,110,136,189,482,71,140,184,238,633,8,22,27,22,79,46,141,163,150,500,72,142,175,187,576,18,50,50,47,165,1,4,3,2,10,37,74,73,86,270,65,65,84,73,287,191,452,489,753,1885,"masonfr01",0.1,"Frank Mason"
"733","VIRGINIA","VIRGINIA","VIRGINIA",NA,NA,31,29,29,NA,89,660,928,1046,NA,2634,80,146,162,NA,388,186,307,396,NA,889,14,42,81,NA,137,49,95,221,NA,365,63,122,133,NA,318,77,138,151,NA,366,NA,NA,NA,NA,NA,69,107,93,NA,269,39,72,119,NA,230,30,33,27,NA,90,7,14,12,NA,33,43,66,86,NA,195,69,76,64,NA,209,237,456,538,NA,1231,"masonro01",13,"Roger Mason"
"734","MARYLAND","MARYLAND","MARYLAND","MARYLAND",NA,29,23,29,31,112,349,616,1001,973,2939,28,93,197,206,524,56,179,358,408,1001,NA,NA,0,0,0,NA,NA,1,2,3,27,47,87,145,306,48,82,145,201,476,NA,NA,NA,NA,NA,60,122,226,314,722,0,10,21,20,51,9,9,15,28,61,11,22,27,37,97,13,40,69,65,187,49,67,90,94,300,83,233,481,557,1354,"masseto01",15.6,"Tony Massenburg"
"735","MINNESOTA","UTEP","UTEP","UTEP",NA,13,30,17,25,85,108,797,450,710,2065,9,140,81,135,365,32,256,158,259,705,NA,NA,NA,NA,NA,NA,NA,NA,NA,NA,13,92,82,109,296,21,133,114,150,418,NA,NA,NA,NA,NA,42,235,120,184,581,2,19,10,11,42,0,22,13,13,48,1,38,15,22,76,9,47,29,35,120,18,82,48,65,213,31,372,244,379,1026,"maxeyma01",2.6,"Marlon Maxey"
"736","CINCY","CINCY","CINCY","CINCY",NA,35,29,32,33,129,732,879,915,1037,3563,117,129,152,164,562,212,290,304,302,1108,0,0,0,2,2,0,1,1,5,7,48,86,130,176,440,82,128,191,273,674,NA,NA,NA,NA,NA,237,195,222,254,908,3,13,43,28,87,24,13,21,33,91,52,43,66,90,251,NA,NA,NA,NA,NA,NA,NA,NA,NA,NA,282,344,434,506,1566,"maxieja01",20.3,"Jason Maxiell"
"737","ARKANSAS","ARKANSAS","ARKANSAS","ARKANSAS",NA,32,35,38,34,139,1001,1131,1216,1167,4515,157,193,192,181,723,314,381,397,368,1460,33,65,57,63,218,74,129,149,162,514,67,57,59,93,276,91,72,93,125,381,NA,NA,NA,NA,NA,102,100,129,78,409,135,183,209,202,729,50,66,100,75,291,2,7,3,12,24,50,59,69,54,232,60,63,62,57,242,414,508,500,518,1940,"maybele01",7.9,"Lee Mayberry"
"738","VCU","VCU","VCU","VCU",NA,29,35,32,34,130,NA,NA,NA,NA,NA,49,161,196,248,654,114,380,427,536,1457,3,23,50,66,142,15,59,127,183,384,34,140,131,198,503,41,180,172,243,636,NA,NA,NA,NA,NA,38,148,134,122,442,65,224,175,210,674,22,48,40,58,168,0,7,7,6,20,NA,NA,96,101,197,NA,NA,NA,NA,NA,135,485,573,760,1953,"maynoer01",3.3,"Eric Maynor"
"739","USC",NA,NA,NA,NA,33,NA,NA,NA,33,1216,NA,NA,NA,1216,237,NA,NA,NA,237,536,NA,NA,NA,536,88,NA,NA,NA,88,215,NA,NA,NA,215,122,NA,NA,NA,122,152,NA,NA,NA,152,NA,NA,NA,NA,NA,150,NA,NA,NA,150,109,NA,NA,NA,109,51,NA,NA,NA,51,13,NA,NA,NA,13,117,NA,NA,NA,117,NA,NA,NA,NA,NA,684,NA,NA,NA,684,"mayooj01",21.8,"O.J. Mayo"
"740","UNC","UNC","UNC",NA,NA,11,29,37,NA,77,308,839,992,NA,2139,51,163,228,NA,442,108,352,402,NA,862,0,0,0,NA,0,4,4,3,NA,11,23,115,191,NA,329,40,167,252,NA,459,NA,NA,NA,NA,NA,89,285,397,NA,771,11,40,62,NA,113,17,40,43,NA,100,20,36,38,NA,94,NA,NA,NA,NA,NA,NA,NA,NA,NA,NA,125,441,647,NA,1213,"mayse01",2.6,"Sean May"
"741","TEXAS","TEXAS","TEXAS","TEXAS",NA,30,28,34,32,124,890,1055,1210,1186,4341,101,164,253,240,758,239,357,564,554,1714,6,50,95,95,246,26,129,257,252,664,50,128,142,197,517,84,166,200,243,693,NA,NA,NA,NA,NA,112,153,161,164,590,62,87,59,72,280,29,40,29,58,156,2,3,4,16,25,86,96,112,78,372,77,89,108,85,359,258,506,743,772,2279,"maystr01",2.4,"Travis Mays"
"742","UCLA","UCLA","UCLA",NA,NA,39,35,33,NA,107,1151,1046,958,NA,3155,134,116,117,NA,367,249,236,245,NA,730,5,10,5,NA,20,38,30,25,NA,93,81,45,51,NA,177,112,79,74,NA,265,NA,NA,NA,NA,NA,318,259,198,NA,775,52,65,51,NA,168,44,59,34,NA,137,22,29,15,NA,66,NA,NA,62,NA,62,NA,NA,NA,NA,NA,354,287,290,NA,931,"mbahalu01",23.9,"Luc Mbah a Moute"
"743","DETROIT","DETROIT","DETROIT",NA,NA,33,36,33,NA,102,1098,1213,1208,NA,3519,140,192,214,NA,546,318,419,436,NA,1173,25,30,42,NA,97,80,125,130,NA,335,141,141,147,NA,429,204,184,205,NA,593,46,37,43,NA,126,156,163,167,NA,486,161,143,147,NA,451,54,57,64,NA,175,5,7,20,NA,32,85,80,68,NA,233,70,74,66,NA,210,446,555,617,NA,1618,"mccalra01",2.1,"Ray McCallum"
"744","UNC","UNC","UNC",NA,NA,35,30,33,NA,98,1046,961,856,NA,2863,215,216,183,NA,614,438,451,374,NA,1263,72,78,71,NA,221,174,191,168,NA,533,92,89,91,NA,272,132,119,126,NA,377,NA,NA,NA,NA,NA,162,137,99,NA,398,51,65,88,NA,204,49,53,43,NA,145,19,20,22,NA,61,NA,NA,NA,NA,NA,NA,NA,NA,NA,NA,594,599,528,NA,1721,"mccanra01",3.6,"Rashad McCants"
"745","KENTUCKY","KENTUCKY","KENTUCKY",NA,NA,34,33,36,NA,103,484,744,888,NA,2116,72,128,152,NA,352,153,251,280,NA,684,19,28,28,NA,75,50,77,60,NA,187,31,61,75,NA,167,56,84,104,NA,244,NA,NA,NA,NA,NA,131,185,206,NA,522,39,50,92,NA,181,20,27,44,NA,91,19,38,51,NA,108,49,53,81,NA,183,60,96,117,NA,273,194,345,407,NA,946,"mccarwa01",13.7,"Walter McCarty"
"746","MARQUETTE","MARQUETTE","MARQUETTE","MARQUETTE",NA,15,33,33,30,111,120,363,924,796,2203,9,62,134,123,328,25,91,262,224,602,NA,NA,1,1,2,NA,NA,3,2,5,8,47,85,63,203,15,74,129,97,315,NA,NA,NA,NA,NA,47,108,279,266,700,5,17,26,38,86,6,8,14,17,45,12,32,76,55,175,7,36,73,78,194,17,60,102,108,287,26,171,354,310,861,"mccasam01",0.5,"Amal McCaskill"
"747","UNLV","UNLV",NA,NA,NA,32,33,NA,NA,65,947,1113,NA,NA,2060,105,168,NA,NA,273,261,361,NA,NA,622,57,68,NA,NA,125,155,186,NA,NA,341,40,82,NA,NA,122,56,106,NA,NA,162,23,38,NA,NA,61,104,169,NA,NA,273,86,128,NA,NA,214,48,81,NA,NA,129,10,13,NA,NA,23,57,68,NA,NA,125,49,73,NA,NA,122,307,486,NA,NA,793,"mccawpa01",2.7,"Patrick McCaw"
"748","NARIZONA","NARIZONA","NARIZONA","NARIZONA",NA,28,29,27,31,115,510,NA,452,754,1716,117,110,125,190,542,178,175,187,318,858,0,0,0,0,0,0,1,0,0,1,58,59,59,103,279,95,94,88,151,428,NA,NA,NA,NA,NA,90,90,104,202,486,13,17,13,36,79,6,15,8,11,40,43,41,42,70,196,49,NA,49,57,155,61,NA,72,88,221,292,279,309,483,1363,"mcclida01",0,"Dan McClintock"
"749","FLORIDAST","FLORIDAST","FLORIDAST","FLORIDAST",NA,27,30,30,30,117,283,590,902,1067,2842,42,87,193,207,529,87,197,403,462,1149,NA,14,72,115,201,NA,47,159,262,468,31,42,88,154,315,49,68,112,176,405,NA,NA,NA,NA,NA,49,126,111,109,395,13,18,48,125,204,13,4,34,53,104,2,2,6,6,16,44,53,85,97,279,35,57,69,70,231,115,230,546,683,1574,"mccloge01",24.6,"George McCloud"
"750","LEHIGH","LEHIGH","LEHIGH","LEHIGH",NA,33,31,35,12,111,1052,1073,1160,372,3657,203,214,254,96,767,442,537,573,194,1746,72,52,60,33,217,171,165,176,64,576,153,197,198,62,610,189,233,244,73,739,46,59,50,12,167,165,242,229,60,696,79,66,124,35,304,43,77,91,17,228,7,21,19,4,51,66,88,81,32,267,48,53,73,21,195,631,677,766,287,2361,"mccolcj01",19.6,"C.J. McCollum"
"751","UCLA","UCLA","UCLA",NA,NA,31,32,15,NA,78,921,846,NA,NA,1767,138,152,57,NA,347,204,201,95,NA,500,NA,NA,0,NA,0,NA,NA,0,NA,0,40,45,35,NA,120,92,101,67,NA,260,NA,NA,NA,NA,NA,214,207,107,NA,528,28,48,13,NA,89,18,19,7,NA,44,102,61,25,NA,188,62,86,NA,NA,148,76,85,NA,NA,161,316,349,149,NA,814,"mccoyje01",5.1,"Jelani McCoy"
"752","SYRACUSE",NA,NA,NA,NA,16,NA,NA,NA,16,450,NA,NA,NA,450,54,NA,NA,NA,54,113,NA,NA,NA,113,1,NA,NA,NA,1,1,NA,NA,NA,1,40,NA,NA,NA,40,71,NA,NA,NA,71,36,NA,NA,NA,36,110,NA,NA,NA,110,18,NA,NA,NA,18,27,NA,NA,NA,27,33,NA,NA,NA,33,35,NA,NA,NA,35,41,NA,NA,NA,41,149,NA,NA,NA,149,"mcculch01",0.6,"Chris McCullough"
"753","CLEMSON","CLEMSON","CLEMSON",NA,NA,30,28,36,NA,94,304,771,1212,NA,2287,44,109,209,NA,362,97,252,455,NA,804,7,32,42,NA,81,25,96,138,NA,259,22,54,154,NA,230,38,79,183,NA,300,34,50,86,NA,170,55,140,255,NA,450,7,21,57,NA,85,10,32,41,NA,83,20,58,100,NA,178,13,44,83,NA,140,26,62,80,NA,168,117,304,614,NA,1035,"mcdankj01",1.3,"K.J. McDaniels"
"754","CREIGHTON","CREIGHTON","CREIGHTON","CREIGHTON",NA,39,35,36,35,145,1133,1117,1138,1181,4569,220,307,284,330,1141,419,511,518,627,2075,47,54,77,96,274,116,111,157,214,598,94,133,189,178,594,126,167,216,206,715,82,84,58,57,281,280,288,276,244,1088,45,37,57,55,194,11,7,8,8,34,4,3,2,5,14,87,79,93,62,321,81,61,56,67,265,581,801,834,934,3150,"mcderdo01",7.1,"Doug McDermott"
"755","UTVALLEYST","NORLEANS","NORLEANS","NORLEANS",NA,31,29,30,29,119,764,351,736,790,2641,157,44,71,130,402,274,67,119,227,687,NA,NA,NA,0,0,NA,NA,NA,1,1,68,35,28,62,193,98,54,55,106,313,NA,NA,NA,NA,NA,256,71,206,280,813,25,3,14,24,66,NA,6,10,27,43,NA,45,96,80,221,NA,28,45,73,146,NA,47,109,97,253,382,123,170,322,997,"mcdonmi01",-0.1,"Michael McDonald"
"756","ALABAMA","ALABAMA",NA,NA,NA,26,33,NA,NA,59,618,861,NA,NA,1479,132,185,NA,NA,317,234,361,NA,NA,595,NA,0,NA,NA,0,NA,1,NA,NA,1,32,88,NA,NA,120,60,132,NA,NA,192,NA,NA,NA,NA,NA,210,337,NA,NA,547,11,21,NA,NA,32,29,28,NA,NA,57,39,66,NA,NA,105,53,78,NA,NA,131,72,109,NA,NA,181,296,458,NA,NA,754,"mcdyean01",69.8,"Antonio McDyess"
"757","MICHIGAN","MICHIGAN",NA,NA,NA,39,8,NA,NA,47,769,198,NA,NA,967,134,30,NA,NA,164,224,55,NA,NA,279,0,0,NA,NA,0,0,2,NA,NA,2,23,16,NA,NA,39,52,24,NA,NA,76,99,23,NA,NA,122,246,66,NA,NA,312,25,12,NA,NA,37,42,15,NA,NA,57,28,6,NA,NA,34,47,13,NA,NA,60,92,25,NA,NA,117,291,76,NA,NA,367,"mcgarmi01",1.3,"Mitch McGary"
"758","NEVADA","NEVADA",NA,NA,NA,33,33,NA,NA,66,330,902,NA,NA,1232,45,189,NA,NA,234,75,357,NA,NA,432,2,14,NA,NA,16,3,42,NA,NA,45,16,74,NA,NA,90,34,141,NA,NA,175,NA,NA,NA,NA,NA,72,242,NA,NA,314,3,20,NA,NA,23,6,26,NA,NA,32,30,92,NA,NA,122,NA,80,NA,NA,80,NA,NA,NA,NA,NA,108,466,NA,NA,574,"mcgeeja01",24.3,"JaVale McGee"
"759","CALIFORNIA","CALIFORNIA","FRESNOST",NA,NA,26,28,32,NA,86,409,690,1054,NA,2153,46,85,153,NA,284,119,171,325,NA,615,3,1,20,NA,24,22,6,67,NA,95,16,31,106,NA,153,38,56,181,NA,275,NA,NA,NA,NA,NA,88,138,314,NA,540,21,47,104,NA,172,11,16,28,NA,55,22,31,114,NA,167,NA,NA,NA,NA,NA,NA,NA,NA,NA,NA,111,202,432,NA,745,"mcguido01",4.1,"Dominic McGuire"
"760","MARQUETTE","MARQUETTE","MARQUETTE","MARQUETTE",NA,28,29,28,33,118,540,696,532,946,2714,84,102,111,170,467,145,187,192,322,846,NA,NA,NA,NA,NA,NA,NA,NA,NA,NA,55,95,85,109,344,92,126,119,164,501,NA,NA,NA,NA,NA,132,134,134,273,673,14,16,21,43,94,7,7,6,9,29,92,86,79,142,399,37,50,49,51,187,58,75,74,88,295,223,299,307,449,1278,"mcilvji01",9.4,"Jim McIlvaine"
"761","UNC","UNC","UNC",NA,NA,35,34,31,NA,100,512,981,1067,NA,2560,70,155,178,NA,403,153,316,409,NA,878,27,44,67,NA,138,65,112,171,NA,348,30,66,88,NA,184,47,99,110,NA,256,NA,NA,NA,NA,NA,58,138,81,NA,277,85,180,170,NA,435,26,44,38,NA,108,0,0,0,NA,0,50,72,78,NA,200,31,74,72,NA,177,197,420,511,NA,1128,"mcinnje01",23.1,"Jeff McInnis"
"762","TEMPLE","TEMPLE","TEMPLE",NA,NA,28,33,31,NA,92,1011,1272,1214,NA,3497,130,240,193,NA,563,300,555,481,NA,1336,42,77,59,NA,178,131,196,159,NA,486,86,123,137,NA,346,114,156,168,NA,438,NA,NA,NA,NA,NA,167,195,224,NA,586,94,109,98,NA,301,62,76,58,NA,196,6,7,10,NA,23,46,78,52,NA,176,67,71,54,NA,192,388,680,582,NA,1650,"mckieaa01",40,"Aaron McKie"
"763","KANSAS",NA,NA,NA,NA,37,NA,NA,NA,37,1191,NA,NA,NA,1191,198,NA,NA,NA,198,400,NA,NA,NA,400,73,NA,NA,NA,73,174,NA,NA,NA,174,120,NA,NA,NA,120,138,NA,NA,NA,138,47,NA,NA,NA,47,192,NA,NA,NA,192,73,NA,NA,NA,73,37,NA,NA,NA,37,25,NA,NA,NA,25,77,NA,NA,NA,77,69,NA,NA,NA,69,589,NA,NA,NA,589,"mclembe01",4.1,"Ben McLemore"
"764","STJOHNS","STJOHNS","DUKE","DUKE",NA,29,28,33,36,126,542,563,797,NA,1902,77,86,142,196,501,179,179,290,397,1045,0,3,27,44,74,5,9,72,107,193,39,44,81,113,277,53,62,102,160,377,NA,NA,NA,NA,NA,110,219,175,201,705,34,31,29,49,143,25,17,30,42,114,13,20,34,26,93,31,30,57,NA,118,66,85,105,NA,256,193,219,392,549,1353,"mcleoro01",0.2,"Roshown McLeod"
"765","TENNESSEE","TENNESSEE","TENNESSEE","TENNESSEE",NA,10,34,33,37,114,53,738,1107,1190,3088,6,97,170,223,496,19,257,402,512,1190,1,39,60,79,179,9,119,169,225,522,5,60,118,167,350,11,79,153,212,455,2,16,31,26,75,8,99,136,128,371,0,52,66,91,209,2,20,26,25,73,4,26,29,38,97,5,50,93,77,225,5,58,77,78,218,18,293,518,692,1521,"mcraejo01",0.5,"Jordan McRae"
"766","DUKE","DUKE",NA,NA,NA,36,33,NA,NA,69,883,1164,NA,NA,2047,115,164,NA,NA,279,190,327,NA,NA,517,5,5,NA,NA,10,13,23,NA,NA,36,77,97,NA,NA,174,116,146,NA,NA,262,NA,NA,NA,NA,NA,189,260,NA,NA,449,53,114,NA,NA,167,41,39,NA,NA,80,46,82,NA,NA,128,NA,NA,NA,NA,NA,NA,NA,NA,NA,NA,312,430,NA,NA,742,"mcrobjo01",18.5,"Josh McRoberts"
"767","WKENTUCKY","WKENTUCKY","WKENTUCKY",NA,NA,27,32,32,NA,91,710,1021,1065,NA,2796,107,130,200,NA,437,234,323,461,NA,1018,19,52,73,NA,144,62,166,203,NA,431,55,47,133,NA,235,69,73,188,NA,330,NA,NA,NA,NA,NA,137,144,191,NA,472,63,104,106,NA,273,65,94,100,NA,259,25,51,34,NA,110,69,60,87,NA,216,79,107,100,NA,286,288,359,606,NA,1253,"meeda01",-0.1,"Darnell Mee"
"768","KENTUCKY","KENTUCKY","KENTUCKY",NA,NA,34,11,36,NA,81,NA,NA,NA,NA,NA,95,27,263,NA,385,227,88,568,NA,883,44,16,117,NA,177,121,50,288,NA,459,61,27,211,NA,299,68,34,234,NA,336,NA,NA,NA,NA,NA,96,29,122,NA,247,51,16,63,NA,130,32,6,48,NA,86,2,1,5,NA,8,NA,12,96,NA,108,NA,NA,NA,NA,NA,295,97,854,NA,1246,"meeksjo01",22.7,"Jodie Meeks"
"769","SYRACUSE","SYRACUSE",NA,NA,NA,33,30,NA,NA,63,327,763,NA,NA,1090,34,98,NA,NA,132,56,173,NA,NA,229,0,0,NA,NA,0,0,0,NA,NA,0,9,38,NA,NA,47,25,60,NA,NA,85,22,80,NA,NA,102,64,175,NA,NA,239,8,21,NA,NA,29,10,15,NA,NA,25,25,88,NA,NA,113,25,43,NA,NA,68,60,85,NA,NA,145,77,234,NA,NA,311,"melofa01",0,"Fab Melo"
"770","KENTUCKY","KENTUCKY",NA,NA,NA,36,40,NA,NA,76,677,1299,NA,NA,1976,107,297,NA,NA,404,234,603,NA,NA,837,23,49,NA,NA,72,68,141,NA,NA,209,51,82,NA,NA,133,65,105,NA,NA,170,NA,NA,NA,NA,NA,104,210,NA,NA,314,50,97,NA,NA,147,34,66,NA,NA,100,8,10,NA,NA,18,36,68,NA,NA,104,51,95,NA,NA,146,288,725,NA,NA,1013,"mercero01",9.4,"Ron Mercer"
"771","IOWAST","IOWAST","IOWAST","IOWAST",NA,34,31,12,34,111,406,698,369,1009,2482,72,116,97,198,483,140,214,159,355,868,3,0,NA,0,3,10,3,NA,1,14,28,71,73,139,311,47,100,99,190,436,NA,NA,NA,NA,NA,106,153,114,306,679,15,40,20,50,125,21,20,7,13,61,23,30,31,50,134,26,66,26,79,197,75,90,25,97,287,175,303,267,535,1280,"meyerlo01",0.5,"Loren Meyer"
"772","LSU","LSU",NA,NA,NA,34,31,NA,NA,65,1116,1081,NA,NA,2197,172,191,NA,NA,363,322,379,NA,NA,701,0,1,NA,NA,1,5,9,NA,NA,14,91,95,NA,NA,186,131,147,NA,NA,278,77,99,NA,NA,176,267,308,NA,NA,575,36,40,NA,NA,76,21,29,NA,NA,50,106,112,NA,NA,218,78,101,NA,NA,179,74,81,NA,NA,155,435,478,NA,NA,913,"mickejo01",0.4,"Jordan Mickey"
"773","TEXASAM","TEXASAM","TEXASAM",NA,NA,34,33,20,NA,87,710,978,575,NA,2263,79,159,102,NA,340,190,353,246,NA,789,33,39,20,NA,92,102,108,77,NA,287,54,116,39,NA,209,72,148,52,NA,272,41,64,26,NA,131,125,172,99,NA,396,37,93,45,NA,175,29,39,19,NA,87,10,2,5,NA,17,41,89,43,NA,173,80,70,37,NA,187,245,473,263,NA,981,"middlkh01",21.2,"Khris Middleton"
"774","TEXAS","TEXAS","TEXAS",NA,NA,31,32,33,NA,96,NA,1027,1014,NA,2041,148,144,206,NA,498,288,321,394,NA,1003,2,0,7,NA,9,11,4,15,NA,30,86,149,164,NA,399,133,218,232,NA,583,NA,NA,NA,NA,NA,248,351,346,NA,945,14,19,22,NA,55,12,13,11,NA,36,90,84,90,NA,264,NA,78,81,NA,159,NA,90,90,NA,180,384,437,583,NA,1404,"mihmch01",13.3,"Chris Mihm"
"775","MICHIGANST","MICHIGANST","MICHIGANST",NA,NA,30,27,32,NA,89,555,474,910,NA,1939,83,76,162,NA,321,154,124,249,NA,527,NA,1,0,NA,1,NA,1,1,NA,2,50,26,78,NA,154,80,48,136,NA,264,NA,NA,NA,NA,NA,156,139,287,NA,582,24,12,30,NA,66,14,8,26,NA,48,12,20,29,NA,61,53,29,70,NA,152,61,59,82,NA,202,216,179,402,NA,797,"millean01",3.8,"Anthony Miller"
"776","UTAH","UTAH","UTAH","UTAH",NA,34,33,34,33,134,872,974,NA,1092,2938,104,121,173,190,588,195,249,315,387,1146,6,10,20,22,58,19,35,60,83,197,78,71,117,118,384,113,122,162,171,568,NA,NA,NA,NA,NA,126,154,185,178,643,157,201,177,186,721,38,59,73,84,254,21,13,16,15,65,90,95,NA,94,279,67,62,NA,59,188,292,323,483,520,1618,"millean02",100.8,"Andre Miller"
"777","KENTUCKY","KENTUCKY","KENTUCKY","KENTUCKY",NA,36,38,38,40,152,NA,804,1178,1043,3025,66,86,149,143,444,161,215,312,302,990,18,43,58,56,175,54,128,131,149,462,41,31,58,55,185,51,39,68,69,227,NA,33,51,36,120,111,95,173,110,489,72,58,66,82,278,27,22,32,33,114,22,22,43,13,100,64,35,57,58,214,NA,72,100,87,259,191,246,414,397,1248,"milleda01",2.9,"Darius Miller"
"778","FLORIDA","FLORIDA",NA,NA,NA,28,37,NA,NA,65,677,1058,NA,NA,1735,115,175,NA,NA,290,233,368,NA,NA,601,31,47,NA,NA,78,87,139,NA,NA,226,80,124,NA,NA,204,114,170,NA,NA,284,NA,NA,NA,NA,NA,146,243,NA,NA,389,58,91,NA,NA,149,35,46,NA,NA,81,7,15,NA,NA,22,69,71,NA,NA,140,52,70,NA,NA,122,341,521,NA,NA,862,"millemi01",60.7,"Mike Miller"
"779","ARKANSAS","ARKANSAS","ARKANSAS","ARKANSAS",NA,30,35,38,34,137,599,757,931,956,3243,88,152,254,186,680,161,238,361,309,1069,4,0,1,0,5,12,4,3,11,30,50,86,87,86,309,78,132,135,133,478,NA,NA,NA,NA,NA,112,219,294,261,886,41,49,103,103,296,20,41,55,38,154,60,85,112,88,345,65,77,109,96,347,95,100,114,104,413,230,390,596,458,1674,"milleol01",21.1,"Oliver Miller"
"780","BAYLOR",NA,NA,NA,NA,37,NA,NA,NA,37,903,NA,NA,NA,903,138,NA,NA,NA,138,309,NA,NA,NA,309,24,NA,NA,NA,24,69,NA,NA,NA,69,93,NA,NA,NA,93,114,NA,NA,NA,114,54,NA,NA,NA,54,182,NA,NA,NA,182,53,NA,NA,NA,53,25,NA,NA,NA,25,24,NA,NA,NA,24,66,NA,NA,NA,66,69,NA,NA,NA,69,393,NA,NA,NA,393,"millequ01",-0.1,"Quincy Miller"
"781","KENTUCKY","ARIZONA","ARIZONA","ARIZONA",NA,32,35,31,28,126,1124,1025,984,870,4003,180,206,198,211,795,372,397,391,406,1566,17,42,28,56,143,54,122,89,116,381,82,91,80,92,345,115,122,103,110,450,NA,NA,NA,NA,NA,277,216,244,222,959,92,66,73,53,284,45,29,36,30,140,26,17,8,14,65,110,76,60,73,319,105,78,80,68,331,459,545,504,570,2078,"millsch01",37.7,"Chris Mills"
"782","LATECH","LATECH","LATECH",NA,NA,30,29,33,NA,92,1053,1061,1126,NA,3240,175,225,258,NA,658,298,391,452,NA,1141,1,0,5,NA,6,1,1,14,NA,16,116,143,127,NA,386,181,238,204,NA,623,NA,NA,NA,NA,NA,374,360,438,NA,1172,22,29,36,NA,87,26,33,62,NA,121,52,55,76,NA,183,NA,NA,NA,NA,NA,NA,NA,NA,NA,NA,467,593,648,NA,1708,"millspa01",80.6,"Paul Millsap"
"783","STMARYSCA","STMARYSCA",NA,NA,NA,32,26,NA,NA,58,NA,NA,NA,NA,NA,161,163,NA,NA,324,375,405,NA,NA,780,61,67,NA,NA,128,189,198,NA,NA,387,89,85,NA,NA,174,117,99,NA,NA,216,NA,NA,NA,NA,NA,67,62,NA,NA,129,111,101,NA,NA,212,57,57,NA,NA,114,3,6,NA,NA,9,91,75,NA,NA,166,NA,NA,NA,NA,NA,472,478,NA,NA,950,"millspa02",22.5,"Patrick Mills"
"784","MICHIGAN","MICHIGAN","MICHIGAN",NA,NA,34,37,31,NA,102,884,999,961,NA,2844,181,180,237,NA,598,341,319,405,NA,1065,0,0,NA,NA,0,2,2,NA,NA,4,51,70,88,NA,209,70,91,116,NA,277,NA,NA,NA,NA,NA,216,218,247,NA,681,56,104,68,NA,228,21,20,37,NA,78,35,49,27,NA,111,67,77,75,NA,219,90,95,81,NA,266,413,430,562,NA,1405,"millste01",33.3,"Terry Mills"
"785","USC","USC","USC",NA,NA,28,29,30,NA,87,978,1049,1042,NA,3069,206,235,250,NA,691,436,519,571,NA,1526,60,59,57,NA,176,142,175,162,NA,479,106,152,232,NA,490,126,190,286,NA,602,NA,NA,NA,NA,NA,101,159,211,NA,471,59,57,39,NA,155,33,32,33,NA,98,5,8,6,NA,19,45,56,67,NA,168,52,62,59,NA,173,578,681,789,NA,2048,"minerha01",4.2,"Harold Miner"
"786","LOUISVILLE","LOUISVILLE","LOUISVILLE",NA,NA,30,31,34,NA,95,831,1036,1176,NA,3043,113,156,179,NA,448,239,296,349,NA,884,10,42,42,NA,94,43,97,119,NA,259,55,84,70,NA,209,75,112,96,NA,283,NA,NA,NA,NA,NA,154,170,209,NA,533,55,87,86,NA,228,39,32,57,NA,128,5,12,16,NA,33,41,51,54,NA,146,44,41,67,NA,152,291,438,470,NA,1199,"minorgr01",8.2,"Greg Minor"
"787","LOUISVILLE","LOUISVILLE",NA,NA,NA,31,34,NA,NA,65,591,1098,NA,NA,1689,84,181,NA,NA,265,190,444,NA,NA,634,18,80,NA,NA,98,72,226,NA,NA,298,43,87,NA,NA,130,57,108,NA,NA,165,34,37,NA,NA,71,104,165,NA,NA,269,52,93,NA,NA,145,25,70,NA,NA,95,3,17,NA,NA,20,30,56,NA,NA,86,78,88,NA,NA,166,229,529,NA,NA,758,"mitchdo01",2.4,"Donovan Mitchell"
"788","NTEXAS","NTEXAS",NA,NA,NA,23,32,NA,NA,55,676,1037,NA,NA,1713,118,140,NA,NA,258,208,318,NA,NA,526,18,30,NA,NA,48,41,100,NA,NA,141,85,106,NA,NA,191,115,157,NA,NA,272,58,78,NA,NA,136,238,273,NA,NA,511,36,26,NA,NA,62,20,31,NA,NA,51,70,87,NA,NA,157,65,78,NA,NA,143,70,93,NA,NA,163,339,416,NA,NA,755,"mitchto02",0.2,"Tony Mitchell"
"789","RHODEISLE","RHODEISLE","RHODEISLE","RHODEISLE",NA,27,2,30,34,93,864,35,730,NA,1629,126,9,138,193,466,334,14,315,402,1065,43,5,29,69,146,142,7,97,166,412,63,1,61,131,256,81,2,76,153,312,NA,NA,NA,NA,NA,129,0,117,147,393,39,5,44,88,176,43,4,39,56,142,14,0,9,18,41,60,4,48,NA,112,87,6,82,NA,175,358,24,366,586,1334,"moblecu01",52.2,"Cuttino Mobley"
"790","PITT","PITT","PITT",NA,NA,33,28,27,NA,88,541,751,799,NA,2091,99,117,155,NA,371,177,216,273,NA,666,NA,NA,NA,NA,NA,NA,NA,NA,NA,NA,41,57,60,NA,158,100,103,122,NA,325,NA,NA,NA,NA,NA,153,209,237,NA,599,19,50,55,NA,124,12,8,20,NA,40,57,52,75,NA,184,44,55,76,NA,175,79,79,85,NA,243,239,291,370,NA,900,"mobleer01",1.1,"Eric Mobley"
"791","KENTUCKY","KENTUCKY","KENTUCKY",NA,NA,16,39,39,NA,94,88,617,NA,NA,705,13,132,190,NA,335,29,259,318,NA,606,NA,0,0,NA,0,NA,2,0,NA,2,11,45,88,NA,144,24,89,135,NA,248,NA,NA,NA,NA,NA,24,226,282,NA,532,3,12,28,NA,43,4,33,36,NA,73,8,52,75,NA,135,18,59,NA,NA,77,18,101,NA,NA,119,37,309,468,NA,814,"mohamna01",34.3,"Nazr Mohammed"
"792","UCLA","UCLA",NA,NA,NA,29,33,NA,NA,62,689,972,NA,NA,1661,131,170,NA,NA,301,269,339,NA,NA,608,4,1,NA,NA,5,16,6,NA,NA,22,48,87,NA,NA,135,78,142,NA,NA,220,NA,NA,NA,NA,NA,169,252,NA,NA,421,26,40,NA,NA,66,24,37,NA,NA,61,26,55,NA,NA,81,53,88,NA,NA,141,83,93,NA,NA,176,314,428,NA,NA,742,"moisoje01",2.1,"Jerome Moiso"
"793","KENTUCKY",NA,NA,NA,NA,38,NA,NA,NA,38,1218,NA,NA,NA,1218,251,NA,NA,NA,251,558,NA,NA,NA,558,104,NA,NA,NA,104,262,NA,NA,NA,262,148,NA,NA,NA,148,180,NA,NA,NA,180,12,NA,NA,NA,12,95,NA,NA,NA,95,87,NA,NA,NA,87,36,NA,NA,NA,36,19,NA,NA,NA,19,75,NA,NA,NA,75,72,NA,NA,NA,72,754,NA,NA,NA,754,"monkma01",0,"Malik Monk"
"794","GEORGETOWN","GEORGETOWN",NA,NA,NA,31,34,NA,NA,65,NA,1164,NA,NA,1164,143,202,NA,NA,345,250,385,NA,NA,635,2,7,NA,NA,9,6,27,NA,NA,33,105,138,NA,NA,243,150,209,NA,NA,359,NA,74,NA,NA,74,203,328,NA,NA,531,79,128,NA,NA,207,57,42,NA,NA,99,45,52,NA,NA,97,77,112,NA,NA,189,NA,87,NA,NA,87,393,549,NA,NA,942,"monrogr01",46.4,"Greg Monroe"
"795","NCSTATE","NCSTATE","NCSTATE","NCSTATE",NA,32,31,30,31,124,665,1064,1095,1165,3989,132,240,228,285,885,277,513,505,641,1936,49,85,84,104,322,114,212,174,239,739,42,98,157,162,459,51,123,192,183,549,NA,NA,NA,NA,NA,77,149,130,136,492,47,89,75,88,299,19,29,25,34,107,4,4,5,7,20,38,65,80,75,258,34,61,53,58,206,355,663,697,836,2551,"monroro01",-0.2,"Rodney Monroe"
"796","UNC","UNC","UNC","UNC",NA,35,31,38,35,139,531,784,1076,1110,3501,81,140,222,183,626,138,244,361,327,1070,NA,NA,NA,NA,NA,NA,NA,NA,NA,NA,41,68,156,110,375,67,109,228,197,601,NA,NA,NA,NA,NA,148,218,290,285,941,11,18,28,29,86,6,17,22,18,63,30,30,47,62,169,32,47,66,66,211,79,112,113,104,408,203,348,600,476,1627,"montrer01",8.5,"Eric Montross"
"797","PURDUE","PURDUE","PURDUE","PURDUE",NA,34,37,35,34,140,NA,NA,1103,1152,2255,159,188,212,221,780,359,445,476,494,1774,66,56,51,70,243,152,166,146,175,639,53,80,100,100,333,74,105,137,141,457,NA,NA,32,51,83,131,170,134,175,610,88,111,93,108,400,32,40,51,41,164,15,16,10,18,59,58,97,73,61,289,NA,NA,79,71,150,437,512,575,612,2136,"mooreet01",10,"E'Twaun Moore"
"798","NAVY","PITT","PITT","PITT",NA,5,29,33,34,101,127,375,549,863,1914,23,39,84,164,310,60,85,179,326,650,NA,NA,NA,NA,NA,NA,NA,NA,NA,NA,15,33,58,90,196,24,54,90,166,334,NA,NA,NA,NA,NA,30,82,134,210,456,3,12,21,44,80,3,13,11,22,49,1,0,4,3,8,8,35,29,75,147,19,91,98,108,316,61,111,226,418,816,"mornida01",0.4,"Darren Morningstar"
"799","GONZAGA","GONZAGA","GONZAGA",NA,NA,31,31,33,NA,95,644,1059,1205,NA,2908,137,226,306,NA,669,258,454,617,NA,1329,17,37,74,NA,128,56,119,173,NA,348,61,100,240,NA,401,84,132,311,NA,527,NA,NA,NA,NA,NA,132,171,182,NA,485,44,88,56,NA,188,12,19,35,NA,66,10,14,11,NA,35,NA,NA,NA,NA,NA,NA,NA,NA,NA,NA,352,589,926,NA,1867,"morriad01",-1.4,"Adam Morrison"
"800","MICHIGAN","MICHIGAN",NA,NA,NA,32,35,NA,NA,67,777,1219,NA,NA,1996,52,201,NA,NA,253,128,411,NA,NA,539,7,16,NA,NA,23,39,64,NA,NA,103,29,108,NA,NA,137,46,151,NA,NA,197,14,31,NA,NA,45,58,139,NA,NA,197,84,235,NA,NA,319,20,36,NA,NA,56,5,1,NA,NA,6,51,103,NA,NA,154,61,74,NA,NA,135,140,526,NA,NA,666,"morrida01",-0.3,"Darius Morris"
"801","ARKANSAS","ARKANSAS",NA,NA,NA,38,34,NA,NA,72,649,712,NA,NA,1361,117,133,NA,NA,250,235,277,NA,NA,512,1,1,NA,NA,2,2,7,NA,NA,9,51,81,NA,NA,132,64,98,NA,NA,162,NA,NA,NA,NA,NA,157,169,NA,NA,326,30,36,NA,NA,66,19,22,NA,NA,41,26,9,NA,NA,35,51,48,NA,NA,99,94,77,NA,NA,171,286,348,NA,NA,634,"morriis01",0,"Isaiah Morris"
"802","KANSAS","KANSAS","KANSAS",NA,NA,35,36,38,NA,109,NA,632,926,NA,1558,60,86,195,NA,341,134,152,331,NA,617,3,10,25,NA,38,16,19,59,NA,94,39,61,103,NA,203,60,98,153,NA,311,NA,63,103,NA,166,155,191,316,NA,662,34,39,53,NA,126,14,16,30,NA,60,25,35,43,NA,103,43,51,78,NA,172,NA,92,108,NA,200,162,243,518,NA,923,"morrima02",20.1,"Markieff Morris"
"803","KANSAS","KANSAS","KANSAS",NA,NA,35,36,38,NA,109,NA,889,1076,NA,1965,94,174,240,NA,508,190,305,421,NA,916,6,12,26,NA,44,15,32,76,NA,123,64,99,148,NA,311,106,150,215,NA,471,NA,96,99,NA,195,166,220,290,NA,676,38,37,62,NA,137,36,34,32,NA,102,12,12,24,NA,48,57,48,67,NA,172,NA,94,97,NA,191,258,459,654,NA,1371,"morrima03",20.2,"Marcus Morris"
"804","LOYOLAMD","LOYOLAMD","LOYOLAMD","LOYOLAMD",NA,21,26,30,28,105,277,539,1039,878,2733,49,112,239,226,626,109,282,522,456,1369,NA,NA,NA,NA,NA,NA,NA,NA,NA,NA,13,50,144,126,333,22,75,187,169,453,NA,NA,NA,NA,NA,28,76,110,151,365,NA,NA,NA,NA,NA,3,20,41,35,99,3,5,11,13,32,24,28,118,61,231,34,30,87,70,221,111,309,666,611,1697,"morrimi01",-0.3,"Mike Morrison"
"805","IOWAST","IOWAST","IOWAST","IOWAST",NA,36,34,35,35,140,1013,1153,1331,1237,4734,77,155,188,216,636,179,306,386,465,1336,28,32,38,54,152,69,81,106,143,399,61,64,70,89,284,72,85,96,111,364,18,24,26,40,108,92,117,138,169,516,134,176,241,217,768,46,64,62,53,225,7,15,9,10,41,28,38,57,42,165,61,45,55,51,212,243,406,484,575,1708,"morrimo01",0,"Monte Morris"
"806","MARYLAND","MARYLAND","MARYLAND","MARYLAND",NA,32,34,34,36,136,NA,999,1103,993,3095,91,195,200,158,644,174,354,406,366,1300,13,27,35,26,101,37,76,96,90,299,41,104,102,97,344,59,126,134,122,441,NA,NA,NA,NA,NA,113,242,293,277,925,25,56,80,68,229,27,50,53,32,162,29,77,71,79,256,NA,67,97,64,228,NA,79,89,94,262,236,521,537,439,1733,"morrite01",1,"Terence Morris"
"807","LOUISVILLE","LOUISVILLE","LOUISVILLE",NA,NA,30,31,34,NA,95,802,969,1041,NA,2812,155,178,183,NA,516,268,335,381,NA,984,13,51,47,NA,111,27,96,118,NA,241,84,93,108,NA,285,125,126,150,NA,401,NA,NA,NA,NA,NA,110,145,143,NA,398,36,69,72,NA,177,33,43,37,NA,113,28,30,17,NA,75,56,76,67,NA,199,80,78,80,NA,238,407,500,521,NA,1428,"mortodw01",0.2,"Dwayne Morton"
"808","SETONHALL","SETONHALL","SETONHALL","SETONHALL",NA,31,27,35,38,131,611,734,1008,1082,3435,82,90,156,210,538,186,199,321,482,1188,NA,2,5,79,86,NA,14,17,189,220,68,100,132,159,459,107,137,157,194,595,NA,NA,NA,NA,NA,47,70,67,129,313,78,113,166,95,452,35,48,75,49,207,11,8,18,14,51,94,92,130,81,397,71,82,97,106,356,232,282,449,658,1621,"mortojo01",0.5,"John Morton"
"809","SYRACUSE","SYRACUSE","SYRACUSE","SYRACUSE",NA,32,29,30,30,121,1080,951,1043,1059,4133,193,191,245,209,838,388,404,489,455,1736,45,44,50,58,197,140,131,176,177,624,152,92,104,113,461,202,141,149,152,644,NA,NA,NA,NA,NA,192,138,135,125,590,63,77,66,99,305,46,53,61,55,215,34,26,17,8,85,80,82,56,91,309,86,71,66,58,281,583,518,644,589,2334,"motenla01",0,"Lawrence Moten"
"810","UTAH","UTAH","UTAH","UTAH",NA,32,34,33,21,120,560,NA,1023,579,2162,78,158,186,116,538,133,323,386,233,1075,0,16,34,21,71,2,55,96,60,213,48,92,100,105,345,77,122,120,127,446,NA,NA,NA,NA,NA,91,181,178,101,551,29,27,47,36,139,8,12,13,4,37,9,16,13,12,50,38,NA,58,63,159,95,NA,96,68,259,204,424,506,358,1492,"mottoha01",0.9,"Hanno Mottola"
"811","UTEP","UTEP","MISSST",NA,NA,37,33,30,NA,100,NA,955,1073,NA,2028,130,131,180,NA,441,259,276,328,NA,863,11,9,8,NA,28,39,40,18,NA,97,54,54,124,NA,232,101,83,159,NA,343,NA,65,110,NA,175,302,220,314,NA,836,24,41,35,NA,100,31,45,25,NA,101,35,27,23,NA,85,63,70,73,NA,206,NA,72,67,NA,139,325,325,492,NA,1142,"moultar01",1.7,"Arnett Moultrie"
"812","GEORGETOWN","GEORGETOWN","GEORGETOWN","GEORGETOWN",NA,34,31,23,32,120,962,937,682,1051,3632,158,145,105,204,612,262,276,201,343,1082,1,0,4,1,6,4,2,13,4,23,130,220,149,272,771,195,281,188,359,1023,NA,NA,NA,NA,NA,248,265,176,343,1032,24,36,25,53,138,15,15,10,19,59,169,69,55,160,453,67,88,58,84,297,102,112,74,115,403,447,510,363,681,2001,"mournal01",89.7,"Alonzo Mourning"
"813","UCLA",NA,NA,NA,NA,32,NA,NA,NA,32,987,NA,NA,NA,987,202,NA,NA,NA,202,456,NA,NA,NA,456,40,NA,NA,NA,40,106,NA,NA,NA,106,128,NA,NA,NA,128,180,NA,NA,NA,180,87,NA,NA,NA,87,167,NA,NA,NA,167,27,NA,NA,NA,27,23,NA,NA,NA,23,4,NA,NA,NA,4,51,NA,NA,NA,51,53,NA,NA,NA,53,572,NA,NA,NA,572,"muhamsh01",7.8,"Shabazz Muhammad"
"814","OHIOST",NA,NA,NA,NA,33,NA,NA,NA,33,NA,NA,NA,NA,NA,120,NA,NA,NA,120,188,NA,NA,NA,188,0,NA,NA,NA,0,1,NA,NA,NA,1,52,NA,NA,NA,52,93,NA,NA,NA,93,NA,NA,NA,NA,NA,154,NA,NA,NA,154,9,NA,NA,NA,9,16,NA,NA,NA,16,37,NA,NA,NA,37,51,NA,NA,NA,51,NA,NA,NA,NA,NA,292,NA,NA,NA,292,"mulleby01",0.6,"Byron Mullens"
"815","PROVIDENCE","PROVIDENCE","PROVIDENCE","PROVIDENCE",NA,28,29,28,32,117,768,936,833,1111,3648,114,164,147,262,687,276,359,351,589,1575,27,44,42,56,169,76,126,115,160,477,45,99,96,238,478,61,130,126,293,610,NA,NA,NA,NA,NA,85,135,116,168,504,85,135,116,168,504,90,97,78,111,376,3,9,15,5,32,66,77,68,119,330,84,84,78,98,344,300,471,432,818,2021,"murdoer01",25.6,"Eric Murdock"
"816","FLORIDA","FLORIDA","FLORIDA","FLORIDA",NA,33,33,34,36,136,299,355,882,952,2488,48,54,131,164,397,80,105,270,318,773,0,12,59,72,143,0,30,140,159,329,19,21,35,40,115,30,28,43,51,152,33,27,42,58,160,79,75,154,199,507,8,8,29,50,95,12,5,18,23,58,8,15,37,25,85,20,24,44,51,139,51,55,90,101,297,115,141,356,440,1052,"murpher01",-0.1,"Erik Murphy"
"817","TNTECH","TNTECH","TNTECH","TNTECH",NA,30,32,33,33,128,NA,1003,966,1139,3108,95,170,202,239,706,248,385,423,538,1594,38,37,37,79,191,91,121,111,190,513,59,114,119,124,416,82,151,162,172,567,NA,37,18,30,85,88,125,148,173,534,49,66,58,76,249,17,23,34,28,102,7,4,6,7,24,76,90,107,108,381,NA,75,72,71,218,287,491,560,681,2019,"murphke01",-0.3,"Kevin Murphy"
"818","NOTREDAME","NOTREDAME","NOTREDAME",NA,NA,27,37,30,NA,94,890,1318,1090,NA,3298,183,274,223,NA,680,340,557,473,NA,1370,4,30,30,NA,64,13,92,86,NA,191,149,261,177,NA,587,201,323,231,NA,755,NA,NA,NA,NA,NA,267,380,277,NA,924,38,58,62,NA,158,34,52,27,NA,113,38,38,50,NA,126,78,116,90,NA,284,77,101,96,NA,274,519,839,653,NA,2011,"murphtr01",50.3,"Troy Murphy"
"819","WASHINGTON",NA,NA,NA,NA,34,NA,NA,NA,34,1139,NA,NA,NA,1139,202,NA,NA,NA,202,486,NA,NA,NA,486,34,NA,NA,NA,34,118,NA,NA,NA,118,110,NA,NA,NA,110,166,NA,NA,NA,166,48,NA,NA,NA,48,203,NA,NA,NA,203,151,NA,NA,NA,151,62,NA,NA,NA,62,10,NA,NA,NA,10,110,NA,NA,NA,110,90,NA,NA,NA,90,548,NA,NA,NA,548,"murrade01",1,"Dejounte Murray"
"820","KENTUCKY",NA,NA,NA,NA,36,NA,NA,NA,36,1267,NA,NA,NA,1267,244,NA,NA,NA,244,538,NA,NA,NA,538,113,NA,NA,NA,113,277,NA,NA,NA,277,119,NA,NA,NA,119,152,NA,NA,NA,152,53,NA,NA,NA,53,186,NA,NA,NA,186,79,NA,NA,NA,79,35,NA,NA,NA,35,11,NA,NA,NA,11,84,NA,NA,NA,84,75,NA,NA,NA,75,720,NA,NA,NA,720,"murraja01",3.8,"Jamal Murray"
"821","CALIFORNIA","CALIFORNIA","CALIFORNIA",NA,NA,28,30,30,NA,88,745,897,1047,NA,2689,152,230,262,NA,644,321,445,550,NA,1316,17,36,46,NA,99,56,99,139,NA,294,66,76,159,NA,301,93,121,208,NA,422,NA,NA,NA,NA,NA,171,189,236,NA,596,56,41,63,NA,160,34,32,44,NA,110,19,25,31,NA,75,64,79,84,NA,227,66,69,71,NA,206,387,572,729,NA,1688,"murrala01",19.8,"Lamond Murray"
"822","MERIDIANCC","SHAW","SHAW",NA,NA,34,23,33,NA,90,NA,876,1202,NA,2078,255,173,256,NA,684,506,382,526,NA,1414,48,25,45,NA,118,145,71,129,NA,345,123,139,220,NA,482,177,192,285,NA,654,NA,NA,NA,NA,NA,169,129,209,NA,507,56,109,205,NA,370,NA,36,63,NA,99,NA,12,25,NA,37,NA,107,154,NA,261,NA,54,79,NA,133,681,510,777,NA,1968,"murraro01",8.5,"Ronald Murray"
"823","UCLA","UCLA","UCLA",NA,NA,33,32,33,NA,98,863,1003,1083,NA,2949,146,247,240,NA,633,330,491,446,NA,1267,46,73,78,NA,197,134,189,156,NA,479,69,112,148,NA,329,90,141,185,NA,416,NA,NA,NA,NA,NA,182,213,232,NA,627,41,43,59,NA,143,28,41,53,NA,122,26,35,30,NA,91,47,62,69,NA,178,103,88,86,NA,277,407,679,706,NA,1792,"murratr01",24.1,"Tracy Murray"
"824","BUCKNELL","BUCKNELL","BUCKNELL","BUCKNELL",NA,30,34,35,34,133,745,944,1047,1079,3815,116,187,193,227,723,251,362,384,446,1443,6,4,7,4,21,20,11,20,16,67,58,129,203,179,569,72,158,238,227,695,49,57,97,98,301,148,248,319,378,1093,23,47,63,78,211,9,14,16,17,56,65,67,59,80,271,29,58,72,58,217,61,90,87,74,312,296,507,596,637,2036,"muscami01",7.6,"Mike Muscala"
"825","MARYLAND","MARYLAND",NA,NA,NA,26,33,NA,NA,59,847,1048,NA,NA,1895,157,236,NA,NA,393,302,446,NA,NA,748,4,10,NA,NA,14,16,20,NA,NA,36,53,127,NA,NA,180,74,164,NA,NA,238,NA,NA,NA,NA,NA,202,254,NA,NA,456,28,60,NA,NA,88,19,18,NA,NA,37,28,22,NA,NA,50,78,88,NA,NA,166,62,66,NA,NA,128,371,609,NA,NA,980,"mustaje01",1.7,"Jerrod Mustaf"
"826","GEORGETOWN","GEORGETOWN","GEORGETOWN",NA,NA,33,31,32,NA,96,374,797,1090,NA,2261,53,129,170,NA,352,75,182,290,NA,547,NA,NA,NA,NA,NA,NA,NA,NA,NA,NA,23,73,147,NA,243,48,122,209,NA,379,NA,NA,NA,NA,NA,109,325,389,NA,823,5,18,52,NA,75,11,12,20,NA,43,75,128,151,NA,354,30,62,73,NA,165,61,82,91,NA,234,129,331,487,NA,947,"mutomdi01",117,"Dikembe Mutombo"
"827","NILLINOIS","NILLINOIS","IOWAST","IOWAST",NA,31,19,32,35,117,750,483,524,1088,2845,113,89,69,161,432,335,264,170,337,1106,35,26,15,52,128,117,94,69,140,420,60,44,33,78,215,88,57,43,106,294,28,28,22,26,104,129,107,93,174,503,33,17,23,54,127,21,25,12,37,95,22,10,16,23,71,90,61,37,79,267,85,54,50,98,287,321,248,186,452,1207,"naderab01",0,"Abdel Nader"
"828","BUTLERCOCC","TXCHRIST","TXCHRIST",NA,NA,34,32,31,NA,97,887,NA,990,NA,1877,292,329,266,NA,887,443,594,524,NA,1561,0,1,4,NA,5,1,2,15,NA,18,101,137,171,NA,409,154,184,239,NA,577,NA,NA,NA,NA,NA,250,285,288,NA,823,117,61,79,NA,257,NA,56,38,NA,94,NA,33,29,NA,62,NA,NA,100,NA,100,NA,NA,111,NA,111,686,796,707,NA,2189,"nailole01",8,"Lee Nailon"
"829","OKLAHOMA","OKLAHOMA","OKLAHOMA","OKLAHOMA",NA,30,30,32,34,126,739,NA,1100,1162,3001,72,119,187,234,612,178,280,451,514,1423,3,13,51,18,85,15,49,149,82,295,64,64,70,139,337,92,101,109,202,504,NA,NA,NA,NA,NA,167,163,266,314,910,32,42,69,72,215,38,37,59,59,193,17,20,27,25,89,36,NA,83,82,201,87,NA,87,97,271,211,315,495,625,1646,"najered01",24.7,"Eduardo Najera"
"830","WYOMING","WYOMING","WYOMING","WYOMING",NA,33,33,26,31,123,590,1057,902,1082,3631,49,129,147,185,510,106,242,270,360,978,3,10,9,14,36,9,29,37,42,117,35,84,97,114,330,43,112,128,145,428,42,64,35,44,185,131,228,224,224,807,13,41,42,76,172,25,42,37,37,141,19,24,55,37,135,28,51,44,70,193,57,85,73,69,284,136,352,400,498,1386,"nancela02",8.4,"Larry Nance Jr."
"831","UCONN","UCONN","UCONN","UCONN",NA,41,34,28,40,143,976,1191,1043,1404,4614,100,136,146,213,595,270,350,331,496,1447,46,59,68,87,260,141,166,171,215,693,74,110,118,207,509,96,148,144,238,626,26,23,14,38,101,99,120,123,234,576,124,198,129,195,646,66,56,56,73,251,5,9,3,13,30,75,94,67,114,350,72,87,58,84,301,320,441,478,720,1959,"napiesh01",3.8,"Shabazz Napier"
"832","SANTACLARA","SANTACLARA","SANTACLARA","SANTACLARA",NA,31,26,27,29,113,743,778,902,979,3402,78,122,164,164,528,184,295,369,381,1229,49,67,84,63,263,120,168,185,183,656,47,69,153,101,370,57,83,174,113,427,NA,NA,NA,NA,NA,79,65,102,102,348,67,95,174,174,510,26,34,48,39,147,4,1,2,0,7,62,74,113,103,352,54,57,53,43,207,252,380,565,492,1689,"nashst01",129.7,"Steve Nash"
"833","RUTGERS","RUTGERS","RUTGERS","RUTGERS",NA,29,31,32,32,124,NA,NA,NA,907,907,28,61,64,114,267,56,133,109,197,495,0,0,0,0,0,0,1,1,0,2,21,38,51,74,184,42,70,79,120,311,NA,NA,NA,76,76,85,182,186,228,681,5,16,13,14,48,8,11,15,13,47,49,93,71,145,358,NA,49,48,47,144,NA,NA,NA,92,92,77,160,179,302,718,"ndiayha01",0,"Hamady N'Diaye"
"834","AUBURN","AUBURN","AUBURN","AUBURN",NA,31,30,33,34,128,350,NA,785,903,2038,42,89,88,100,319,86,177,180,187,630,0,0,0,0,0,1,0,1,0,2,10,61,63,103,237,19,99,97,155,370,NA,NA,NA,NA,NA,76,208,247,267,798,7,22,29,18,76,NA,16,33,26,75,NA,73,77,66,216,NA,NA,NA,NA,NA,NA,NA,NA,NA,NA,94,239,239,303,875,"ndiayma02",1.8,"Mamadou N'Diaye"
"835","STJOSEPHS","STJOSEPHS","STJOSEPHS","STJOSEPHS",NA,33,30,30,32,125,1114,1064,1048,1085,4311,131,144,194,234,703,284,329,444,493,1550,41,51,64,73,229,110,142,189,187,628,109,93,139,118,459,133,122,180,149,584,NA,NA,NA,NA,NA,133,144,154,150,581,213,188,142,170,713,55,40,66,89,250,2,1,6,1,10,NA,NA,NA,NA,NA,NA,NA,NA,NA,NA,412,432,591,659,2094,"nelsoja01",48.2,"Jameer Nelson"
"836","IOWAST","IOWAST","IOWAST","IOWAST",NA,35,34,34,35,138,878,1025,1045,1162,4110,157,222,187,283,849,305,468,406,518,1697,38,48,46,56,188,97,147,115,143,502,70,75,101,96,342,100,104,125,119,448,47,34,35,46,162,160,152,184,218,714,64,123,117,117,421,23,21,17,31,92,8,21,16,22,67,53,82,91,92,318,106,109,96,111,422,422,567,521,718,2228,"niangge01",-0.3,"Georges Niang"
"837","STBONNY","STBONNY","STBONNY","STBONNY",NA,30,30,31,32,123,NA,907,1049,962,2918,154,198,237,220,809,256,351,415,385,1407,0,0,6,23,29,1,0,23,53,77,68,95,165,128,456,111,125,232,165,633,NA,72,52,83,207,180,213,225,269,887,7,15,32,33,87,17,6,17,21,61,81,55,45,63,244,62,55,99,80,296,NA,90,92,90,272,376,491,645,591,2103,"nichoan01",3.8,"Andrew Nicholson"
"838","SYRACUSE","SYRACUSE","SYRACUSE","SYRACUSE",NA,26,27,35,35,123,441,349,1164,1217,3171,42,39,165,225,471,121,103,386,503,1113,17,15,73,100,205,72,60,201,240,573,8,13,63,113,197,18,18,93,133,262,NA,NA,NA,NA,NA,57,57,204,190,508,15,13,50,54,132,15,11,45,49,120,16,8,33,37,94,NA,NA,NA,NA,NA,NA,NA,NA,NA,NA,109,106,466,663,1344,"nichode01",-0.2,"Demetris Nichols"
"839","WICHITAST","BUTLERCOCC","KANSASST","NWOKSTATE",NA,29,29,30,31,119,677,NA,836,NA,1513,126,241,112,238,717,281,479,287,498,1545,6,NA,7,60,73,22,NA,24,166,212,40,105,50,136,331,64,125,77,173,439,NA,NA,NA,NA,NA,144,148,128,177,597,65,80,86,152,383,36,NA,7,NA,43,11,NA,7,NA,18,64,NA,67,NA,131,70,NA,63,NA,133,298,586,281,672,1837,"nickega01",0.1,"Gaylon Nickerson"
"840","TENNESSEE","TENNESSEE","TENNESSEE","TENNESSEE",NA,25,29,29,30,113,585,1039,1039,1078,3741,71,153,235,254,713,150,283,460,492,1385,NA,NA,NA,NA,NA,NA,NA,NA,NA,NA,34,102,173,103,412,51,161,227,144,583,NA,NA,NA,NA,NA,108,294,261,281,944,NA,NA,NA,NA,NA,16,37,34,51,138,18,53,31,40,142,45,70,80,81,276,70,92,74,69,305,176,408,644,649,1877,"nixdy01",0,"Dyron Nix"
"841","FLORIDA","FLORIDA","FLORIDA",NA,NA,29,39,40,NA,108,273,972,1034,NA,2279,36,202,173,NA,411,60,322,285,NA,667,0,0,1,NA,1,0,1,1,NA,2,30,148,132,NA,310,52,202,199,NA,453,NA,NA,NA,NA,NA,72,278,337,NA,687,15,80,90,NA,185,6,44,45,NA,95,19,95,72,NA,186,NA,NA,NA,NA,NA,NA,NA,NA,NA,NA,102,552,479,NA,1133,"noahjo01",59.6,"Joakim Noah"
"842","UNC","UNC","UNC","UNC",NA,35,24,37,31,127,766,510,627,1045,2948,84,50,57,158,349,166,89,104,297,656,16,2,7,39,64,57,12,20,92,181,23,28,22,45,118,43,45,41,72,201,NA,NA,NA,NA,NA,123,117,98,211,549,49,35,56,107,247,45,24,34,34,137,18,8,11,23,60,NA,NA,NA,NA,NA,NA,NA,NA,NA,NA,207,130,143,400,880,"noelda01",0.4,"David Noel"
"843","KENTUCKY",NA,NA,NA,NA,24,NA,NA,NA,24,765,NA,NA,NA,765,98,NA,NA,NA,98,166,NA,NA,NA,166,0,NA,NA,NA,0,0,NA,NA,NA,0,55,NA,NA,NA,55,104,NA,NA,NA,104,65,NA,NA,NA,65,227,NA,NA,NA,227,38,NA,NA,NA,38,50,NA,NA,NA,50,106,NA,NA,NA,106,45,NA,NA,NA,45,62,NA,NA,NA,62,251,NA,NA,NA,251,"noelne01",11.6,"Nerlens Noel"
"844","WISCGB","WISCGB","WISCGB","WISCGB",NA,27,34,30,29,120,271,1028,1070,1154,3523,75,207,214,277,773,148,351,391,500,1390,3,1,1,8,13,6,6,6,25,43,13,116,130,93,352,28,151,165,131,475,NA,NA,NA,NA,NA,77,217,224,183,701,29,71,69,68,237,15,36,24,29,104,3,15,20,10,48,35,77,71,53,236,49,80,78,54,261,166,531,559,655,1911,"nordgje01",0,"Jeff Nordgaard"
"845","AUBURN","WFLORIDA",NA,NA,NA,29,16,NA,NA,45,1009,615,NA,NA,1624,124,121,NA,NA,245,312,265,NA,NA,577,57,50,NA,NA,107,161,118,NA,NA,279,58,86,NA,NA,144,83,113,NA,NA,196,NA,NA,NA,NA,NA,116,92,NA,NA,208,143,143,NA,NA,286,51,47,NA,NA,98,1,1,NA,NA,2,74,50,NA,NA,124,55,23,NA,NA,78,363,378,NA,NA,741,"norrimo01",10,"Moochie Norris"
"846","MARQUETTE","MARQUETTE","MARQUETTE","MARQUETTE",NA,33,31,31,31,126,512,916,926,1047,3401,67,118,127,173,485,113,290,278,363,1044,55,89,89,121,354,109,207,193,259,768,31,62,76,74,243,33,68,84,76,261,NA,NA,NA,NA,NA,71,143,127,183,524,17,39,28,39,123,7,23,16,18,64,0,3,2,4,9,NA,NA,NA,NA,NA,NA,NA,NA,NA,NA,220,387,419,541,1567,"novakst01",14.5,"Steve Novak"
"847","UCLA","UCLA","UCLA","UCLA",NA,28,33,31,32,124,797,1002,976,1128,3903,132,179,166,207,684,257,323,315,376,1271,18,6,23,26,73,47,29,62,75,213,44,85,89,125,343,68,115,116,158,457,NA,NA,NA,NA,NA,189,201,186,221,797,46,110,80,77,313,31,41,34,36,142,38,38,19,23,118,65,51,95,74,285,84,73,72,71,300,326,449,444,565,1784,"obannch01",0.6,"Charles O'Bannon"
"848","UCLA","UCLA","UCLA","UCLA",NA,23,33,28,33,117,287,1099,961,1130,3477,32,208,191,247,678,77,386,395,463,1321,2,18,16,55,91,8,40,56,127,231,17,116,111,124,368,27,164,149,158,498,NA,NA,NA,NA,NA,70,230,245,275,820,12,56,59,81,208,7,42,33,64,146,6,33,30,26,95,19,86,71,82,258,36,81,60,73,250,83,550,509,673,1815,"obanned01",1.1,"Ed O'Bannon"
"849","LSU","LSU","LSU",NA,NA,28,29,34,NA,91,600,845,1020,NA,2465,91,153,202,NA,446,228,319,409,NA,956,2,3,1,NA,6,12,12,3,NA,27,55,84,118,NA,257,88,141,186,NA,415,86,89,102,NA,277,187,253,262,NA,702,11,49,55,NA,115,15,15,17,NA,47,21,20,31,NA,72,66,93,108,NA,267,58,89,108,NA,255,239,393,523,NA,1155,"obryajo01",0.2,"Johnny O'Bryant III"
"850","BRADLEY","BRADLEY",NA,NA,NA,27,25,NA,NA,52,623,642,NA,NA,1265,108,133,NA,NA,241,194,241,NA,NA,435,0,0,NA,NA,0,0,0,NA,NA,0,54,69,NA,NA,123,77,102,NA,NA,179,NA,NA,NA,NA,NA,201,207,NA,NA,408,17,21,NA,NA,38,24,22,NA,NA,46,75,72,NA,NA,147,NA,NA,NA,NA,NA,NA,NA,NA,NA,NA,270,335,NA,NA,605,"obryapa01",0.5,"Patrick O'Bryant"
"851","OHIOST",NA,NA,NA,NA,32,NA,NA,NA,32,925,NA,NA,NA,925,189,NA,NA,NA,189,307,NA,NA,NA,307,0,NA,NA,NA,0,0,NA,NA,NA,0,123,NA,NA,NA,123,196,NA,NA,NA,196,NA,NA,NA,NA,NA,306,NA,NA,NA,306,21,NA,NA,NA,21,18,NA,NA,NA,18,105,NA,NA,NA,105,NA,NA,NA,NA,NA,NA,NA,NA,NA,NA,501,NA,NA,NA,501,"odengr01",7.3,"Greg Oden"
"852","RHODEISLE",NA,NA,NA,NA,32,NA,NA,NA,32,1116,NA,NA,NA,1116,203,NA,NA,NA,203,421,NA,NA,NA,421,33,NA,NA,NA,33,100,NA,NA,NA,100,125,NA,NA,NA,125,182,NA,NA,NA,182,NA,NA,NA,NA,NA,302,NA,NA,NA,302,122,NA,NA,NA,122,27,NA,NA,NA,27,49,NA,NA,NA,49,110,NA,NA,NA,110,92,NA,NA,NA,92,564,NA,NA,NA,564,"odomla01",77,"Lamar Odom"
"853","UCONN","UCONN","UCONN",NA,NA,34,33,36,NA,103,1021,1087,1166,NA,3274,105,221,261,NA,587,178,381,436,NA,995,0,0,0,NA,0,0,0,0,NA,0,57,82,113,NA,252,92,137,218,NA,447,NA,NA,NA,NA,NA,306,370,415,NA,1091,27,18,36,NA,81,26,29,36,NA,91,138,156,147,NA,441,NA,NA,NA,NA,NA,NA,NA,NA,NA,NA,267,524,635,NA,1426,"okafoem01",44.3,"Emeka Okafor"
"854","DUKE",NA,NA,NA,NA,38,NA,NA,NA,38,1143,NA,NA,NA,1143,279,NA,NA,NA,279,420,NA,NA,NA,420,0,NA,NA,NA,0,0,NA,NA,NA,0,99,NA,NA,NA,99,194,NA,NA,NA,194,134,NA,NA,NA,134,322,NA,NA,NA,322,49,NA,NA,NA,49,29,NA,NA,NA,29,54,NA,NA,NA,54,95,NA,NA,NA,95,81,NA,NA,NA,81,657,NA,NA,NA,657,"okafoja01",2.4,"Jahlil Okafor"
"855","INDIANA","INDIANA","INDIANA",NA,NA,32,36,36,NA,104,576,961,1021,NA,2558,88,136,182,NA,406,161,289,304,NA,754,8,10,30,NA,48,26,48,68,NA,142,52,108,97,NA,257,85,144,130,NA,359,51,63,93,NA,207,119,191,227,NA,537,28,73,74,NA,175,34,49,78,NA,161,7,21,28,NA,56,44,76,83,NA,203,69,90,89,NA,248,236,390,491,NA,1117,"oladivi01",18.5,"Victor Oladipo"
"856","GATECH","GATECH","GATECH","GATECH",NA,29,32,32,34,127,879,1106,1163,1277,4425,72,157,191,260,680,158,310,345,504,1317,7,13,28,57,105,18,38,70,147,273,54,76,106,147,383,75,102,135,204,516,NA,NA,NA,NA,NA,91,139,179,204,613,92,112,223,111,538,26,42,44,28,140,3,0,1,5,9,62,69,95,97,323,63,91,89,89,332,205,403,516,724,1848,"olivebr01",-0.5,"Brian Oliver"
"857","PURDUE","PURDUE","PURDUE",NA,NA,31,30,29,NA,90,565,705,1026,NA,2296,60,88,189,NA,337,138,180,406,NA,724,26,20,79,NA,125,66,58,184,NA,308,18,43,99,NA,160,31,67,115,NA,213,NA,NA,NA,NA,NA,74,76,133,NA,283,73,59,89,NA,221,11,16,20,NA,47,9,4,10,NA,23,36,40,72,NA,148,43,33,45,NA,121,164,239,556,NA,959,"oliveji01",0.3,"Jimmy Oliver"
"858","PACIFIC","PACIFIC","PACIFIC",NA,NA,25,19,33,NA,77,257,433,NA,NA,690,40,94,310,NA,444,76,165,509,NA,750,NA,NA,0,NA,0,NA,NA,0,NA,0,20,19,114,NA,153,36,57,235,NA,328,NA,NA,NA,NA,NA,84,126,369,NA,579,4,8,26,NA,38,2,8,9,NA,19,33,32,95,NA,160,19,42,NA,NA,61,48,48,NA,NA,96,100,207,734,NA,1041,"olowomi01",2.5,"Michael Olowokandi"
"859","GONZAGA","GONZAGA","GONZAGA",NA,NA,34,35,32,NA,101,419,471,845,NA,1735,49,74,215,NA,338,98,129,342,NA,569,4,12,9,NA,25,18,27,30,NA,75,28,42,132,NA,202,47,68,170,NA,285,31,44,77,NA,152,93,133,235,NA,461,26,26,55,NA,107,18,12,22,NA,52,5,5,36,NA,46,21,42,77,NA,140,68,57,72,NA,197,130,202,571,NA,903,"olynyke01",17.2,"Kelly Olynyk"
"860","LSU","LSU","LSU",NA,NA,32,28,30,NA,90,901,881,959,NA,2741,180,312,294,NA,786,314,497,478,NA,1289,NA,NA,NA,NA,NA,NA,NA,NA,NA,NA,85,150,134,NA,369,153,235,254,NA,642,NA,NA,NA,NA,NA,385,411,421,NA,1217,61,45,46,NA,152,38,41,29,NA,108,115,140,157,NA,412,93,99,103,NA,295,122,79,86,NA,287,445,774,722,NA,1941,"onealsh01",181.7,"Shaquille O'Neal"
"861","LOUISVILLE","LOUISVILLE",NA,NA,NA,35,31,NA,NA,66,623,762,NA,NA,1385,45,137,NA,NA,182,73,221,NA,NA,294,0,0,NA,NA,0,0,1,NA,NA,1,14,33,NA,NA,47,30,56,NA,NA,86,69,91,NA,NA,160,160,263,NA,NA,423,19,51,NA,NA,70,26,24,NA,NA,50,42,62,NA,NA,104,44,65,NA,NA,109,83,92,NA,NA,175,104,307,NA,NA,411,"onuakch01",0.1,"Chinanu Onuaku"
"862","NORFOLKST","NORFOLKST","NORFOLKST","NORFOLKST",NA,31,30,32,36,129,NA,849,1050,1125,3024,62,145,198,205,610,126,264,356,358,1104,17,16,15,6,54,45,67,63,32,207,23,39,115,156,333,37,74,151,224,486,NA,80,107,114,301,104,261,355,372,1092,12,27,32,51,122,10,16,18,25,69,25,51,110,97,283,35,64,68,95,262,NA,94,114,117,325,164,345,526,572,1607,"oquinky01",13.9,"Kyle O'Quinn"
"864","KENTUCKY",NA,NA,NA,NA,38,NA,NA,NA,38,502,NA,NA,NA,502,48,NA,NA,NA,48,91,NA,NA,NA,91,0,NA,NA,NA,0,2,NA,NA,NA,2,33,NA,NA,NA,33,63,NA,NA,NA,63,45,NA,NA,NA,45,126,NA,NA,NA,126,15,NA,NA,NA,15,21,NA,NA,NA,21,53,NA,NA,NA,53,38,NA,NA,NA,38,88,NA,NA,NA,88,129,NA,NA,NA,129,"ortonda01",1,"Daniel Orton"
"865","KANSAS","KANSAS","KANSAS","KANSAS",NA,32,29,35,31,127,311,389,739,603,2042,61,61,145,121,388,112,118,272,203,705,0,NA,0,NA,0,1,NA,2,NA,3,32,33,70,57,192,49,55,111,103,318,NA,NA,NA,NA,NA,112,118,307,233,770,5,11,12,13,41,7,8,15,11,41,34,36,97,91,258,30,36,60,50,176,50,59,81,73,263,154,155,360,299,968,"ostergr01",33.8,"Greg Ostertag"
"866","KANSAS",NA,NA,NA,NA,36,NA,NA,NA,36,756,NA,NA,NA,756,110,NA,NA,NA,110,248,NA,NA,NA,248,34,NA,NA,NA,34,95,NA,NA,NA,95,79,NA,NA,NA,79,110,NA,NA,NA,110,41,NA,NA,NA,41,179,NA,NA,NA,179,28,NA,NA,NA,28,41,NA,NA,NA,41,13,NA,NA,NA,13,43,NA,NA,NA,43,71,NA,NA,NA,71,333,NA,NA,NA,333,"oubreke01",5.3,"Kelly Oubre"
"867","LASALLE","LASALLE","LASALLE","LASALLE",NA,34,32,32,25,123,918,1221,1202,959,4300,110,174,201,199,684,221,352,387,447,1407,8,26,54,54,142,27,65,124,160,376,37,47,95,106,285,44,59,119,128,350,NA,NA,NA,NA,NA,81,101,133,103,418,91,244,212,124,671,45,98,85,49,277,1,1,3,0,5,43,104,96,91,334,55,49,58,62,224,265,421,551,558,1795,"overtdo01",2.5,"Doug Overton"
"868","SYRACUSE","SYRACUSE","SYRACUSE",NA,NA,38,33,32,NA,103,1215,1188,1215,NA,3618,196,228,282,NA,706,376,469,554,NA,1399,8,19,23,NA,50,36,60,58,NA,154,94,127,157,NA,378,145,176,233,NA,554,NA,NA,NA,NA,NA,263,276,371,NA,910,119,151,111,NA,381,64,74,78,NA,216,35,25,37,NA,97,76,79,113,NA,268,110,99,86,NA,295,494,602,744,NA,1840,"owensbi01",28.6,"Billy Owens"
"869","TULANE","TEXAS","TEXAS","TEXAS",NA,28,33,34,11,106,NA,759,1036,299,2094,56,118,172,62,408,146,239,391,124,900,5,4,3,3,15,19,13,23,10,65,54,71,143,47,315,105,124,223,75,527,NA,NA,NA,NA,NA,140,184,270,81,675,33,17,31,9,90,25,33,35,8,101,30,46,92,21,189,NA,55,55,19,129,NA,90,112,27,229,171,311,490,174,1146,"owensch01",0,"Chris Owens"
"870","KENTUCKY","KENTUCKY","KENTUCKY","KENTUCKY",NA,14,32,39,37,122,57,759,NA,1075,1891,7,100,161,156,424,27,244,338,335,944,4,47,40,61,152,13,138,107,160,418,10,61,87,94,252,12,80,102,138,332,NA,NA,NA,NA,NA,17,162,255,217,651,4,56,82,96,238,3,48,49,47,147,1,16,27,24,68,3,57,NA,66,126,10,91,NA,84,185,28,308,449,467,1252,"padgesc01",13.2,"Scott Padgett"
"871","UNC","UNC","UNC","UNC",NA,35,34,38,34,141,1021,1211,1263,1075,4570,95,191,172,147,605,267,434,416,370,1487,45,86,94,78,303,131,221,238,220,810,51,128,96,82,357,61,146,111,103,421,8,18,14,15,55,94,109,110,86,399,161,143,170,127,601,48,51,65,39,203,5,7,8,15,35,86,73,73,42,274,61,68,62,51,242,286,596,534,454,1870,"paigema01",0,"Marcus Paige"
"872","DARTMOUTH","DARTMOUTH","DARTMOUTH","DARTMOUTH",NA,10,26,26,25,87,60,463,540,565,1628,9,66,121,149,345,15,125,200,290,630,NA,NA,NA,1,1,NA,NA,NA,9,9,6,32,59,115,212,9,47,78,142,276,NA,NA,NA,NA,NA,19,123,158,162,462,1,5,9,8,23,1,7,14,12,34,6,71,63,85,225,5,25,54,60,144,15,99,106,93,313,24,164,301,414,903,"palmewa01",-0.1,"Walter Palmer"
"873","BRADLEY","BRADLEY","BRADLEY","BRADLEY",NA,31,30,30,21,112,905,1020,963,715,3603,106,131,178,109,524,231,308,377,257,1173,47,46,73,29,195,114,128,173,100,515,84,118,137,101,440,120,155,172,140,587,NA,NA,NA,NA,NA,137,198,196,112,643,79,99,105,72,355,37,39,46,37,159,16,19,33,10,78,73,70,77,57,277,60,64,61,36,221,343,426,566,348,1683,"parkean01",24.5,"Anthony Parker"
"874","DUKE",NA,NA,NA,NA,35,NA,NA,NA,35,1074,NA,NA,NA,1074,236,NA,NA,NA,236,499,NA,NA,NA,499,38,NA,NA,NA,38,106,NA,NA,NA,106,160,NA,NA,NA,160,214,NA,NA,NA,214,105,NA,NA,NA,105,306,NA,NA,NA,306,41,NA,NA,NA,41,37,NA,NA,NA,37,43,NA,NA,NA,43,81,NA,NA,NA,81,83,NA,NA,NA,83,670,NA,NA,NA,670,"parkeja01",9,"Jabari Parker"
"875","DUKE","DUKE","DUKE","DUKE",NA,34,32,34,31,131,435,899,1038,1091,3463,60,161,186,222,629,105,247,347,443,1142,NA,NA,3,31,34,NA,NA,17,85,102,50,72,115,114,351,69,100,149,147,465,NA,NA,NA,NA,NA,81,220,284,289,874,13,14,31,45,103,5,25,37,26,93,35,65,76,55,231,30,56,57,63,206,57,68,77,68,270,170,394,490,589,1643,"parksch02",11.8,"Cherokee Parks"
"876","FLORIDA","FLORIDA","FLORIDA","FLORIDA",NA,36,36,34,36,142,NA,NA,1054,1229,2283,103,128,141,155,527,218,278,286,323,1105,35,37,38,43,153,108,123,106,117,454,52,39,100,54,245,83,70,151,97,401,NA,NA,77,74,151,143,204,233,279,859,51,64,88,136,339,18,38,39,34,129,8,14,5,15,42,36,50,67,81,234,NA,NA,70,67,137,293,332,420,407,1452,"parsoch01",29.1,"Chandler Parsons"
"877","INDIANA","INDIANA","INDIANA","INDIANA",NA,28,31,30,32,121,540,803,829,NA,2172,84,130,151,152,517,170,282,321,307,1080,4,20,11,10,45,8,57,43,36,144,31,70,97,88,286,45,95,128,111,379,NA,NA,NA,NA,NA,108,191,201,187,687,21,46,43,46,156,16,28,32,29,105,16,42,39,30,127,49,73,77,NA,199,80,103,91,NA,274,203,350,410,402,1365,"pattean01",0.7,"Andrae Patterson"
"878","KENTUCKY","KENTUCKY","KENTUCKY",NA,NA,25,34,38,NA,97,NA,NA,1255,NA,1255,162,240,215,NA,617,282,398,374,NA,1054,0,0,24,NA,24,3,1,69,NA,73,87,129,90,NA,306,119,168,130,NA,417,NA,NA,116,NA,116,192,316,283,NA,791,43,67,36,NA,146,21,21,27,NA,69,31,70,51,NA,152,52,66,41,NA,159,NA,NA,61,NA,61,411,609,544,NA,1564,"pattepa01",26.1,"Patrick Patterson"
"879","CINCY","CINCY",NA,NA,NA,31,19,NA,NA,50,723,NA,NA,NA,723,164,109,NA,NA,273,299,231,NA,NA,530,11,18,NA,NA,29,39,67,NA,NA,106,87,77,NA,NA,164,144,126,NA,NA,270,NA,NA,NA,NA,NA,174,119,NA,NA,293,44,41,NA,NA,85,35,22,NA,NA,57,9,12,NA,NA,21,69,NA,NA,NA,69,62,NA,NA,NA,62,426,313,NA,NA,739,"patteru01",35.1,"Ruben Patterson"
"881","WAKE","WAKE",NA,NA,NA,31,32,NA,NA,63,1041,1069,NA,NA,2110,135,143,NA,NA,278,272,317,NA,NA,589,40,46,NA,NA,86,86,97,NA,NA,183,150,156,NA,NA,306,178,187,NA,NA,365,NA,NA,NA,NA,NA,101,144,NA,NA,245,183,212,NA,NA,395,84,76,NA,NA,160,12,1,NA,NA,13,NA,NA,NA,NA,NA,NA,NA,NA,NA,NA,460,488,NA,NA,948,"paulch01",159.1,"Chris Paul"
"882","MICHIGANST","MICHIGANST","MICHIGANST","MICHIGANST",NA,34,37,36,31,138,306,661,922,870,2759,34,98,137,178,447,72,173,251,354,850,0,1,16,44,61,1,2,42,104,149,17,62,89,109,277,35,89,105,138,367,31,57,75,48,211,80,157,273,225,735,5,12,27,41,85,9,25,27,15,76,28,39,46,28,141,21,39,64,63,187,41,84,92,80,297,85,259,379,509,1232,"paynead01",-0.6,"Adreian Payne"
"883","MURRAYST","MURRAYST",NA,NA,NA,34,35,NA,NA,69,1111,1127,NA,NA,2238,190,245,NA,NA,435,470,537,NA,NA,1007,72,84,NA,NA,156,211,223,NA,NA,434,120,133,NA,NA,253,155,169,NA,NA,324,10,21,NA,NA,31,123,129,NA,NA,252,185,209,NA,NA,394,57,68,NA,NA,125,20,17,NA,NA,37,110,87,NA,NA,197,96,72,NA,NA,168,572,707,NA,NA,1279,"payneca01",1,"Cameron Payne"
"884","LOUISVILLE","LOUISVILLE","LOUISVILLE","LOUISVILLE",NA,34,26,35,33,128,303,320,1035,987,2645,52,43,156,196,447,119,123,325,386,953,NA,6,34,45,85,NA,24,83,105,212,17,16,29,42,104,22,23,38,50,133,NA,NA,NA,NA,NA,58,66,164,188,476,11,17,46,69,143,7,7,22,17,53,1,6,11,14,32,31,25,58,66,180,20,30,94,86,230,121,108,375,479,1083,"payneke01",-0.1,"Kenny Payne"
"885","ULALA","ULALA","ULALA",NA,NA,32,33,35,NA,100,726,1171,1258,NA,3155,77,187,237,NA,501,172,394,466,NA,1032,0,16,14,NA,30,8,50,54,NA,112,75,135,184,NA,394,133,210,302,NA,645,21,46,81,NA,148,114,184,210,NA,508,97,181,208,NA,486,37,80,80,NA,197,9,21,21,NA,51,96,113,127,NA,336,67,76,83,NA,226,229,525,672,NA,1426,"paytoel01",10.9,"Elfrid Payton"
"886","OREGONST","OREGONST","OREGONST","OREGONST",NA,30,31,30,29,120,1115,1178,1140,1095,4528,153,180,208,288,829,333,368,438,571,1710,13,31,82,52,178,35,78,213,156,482,55,58,105,118,336,82,83,155,171,491,NA,NA,NA,NA,NA,120,103,122,135,480,229,230,244,235,938,58,72,91,100,321,20,11,17,15,63,93,106,91,106,396,98,106,108,103,415,374,449,603,746,2172,"paytoga01",145.5,"Gary Payton"
"887","MISSOURI","MISSOURI","MISSOURI","MISSOURI",NA,36,31,21,29,117,801,1031,725,1026,3583,130,184,134,218,666,258,413,282,475,1428,13,24,24,55,116,37,68,58,132,295,89,130,116,187,522,118,169,151,232,670,NA,NA,NA,NA,NA,134,168,131,160,593,102,179,104,112,497,34,63,37,62,196,8,15,3,10,36,95,90,74,101,360,79,76,51,72,278,362,522,408,678,1970,"peelean01",30.7,"Anthony Peeler"
"888","ARIZONAST","ARIZONAST","ARIZONAST","ARIZONAST",NA,27,30,34,35,126,NA,NA,NA,NA,NA,115,145,153,198,611,233,263,258,300,1054,0,0,0,0,0,2,5,1,1,9,65,73,115,113,366,89,100,145,145,479,NA,NA,NA,NA,NA,165,272,218,287,942,15,26,29,31,101,12,18,15,17,62,23,22,56,30,131,NA,NA,67,43,110,NA,NA,NA,NA,NA,295,363,421,509,1588,"pendeje02",6.3,"Jeff Pendergraph"
"889","MICHIGANST","MICHIGANST","MICHIGANST","MICHIGANST",NA,28,30,30,28,116,540,734,791,816,2881,60,99,168,161,488,110,158,266,252,786,NA,NA,NA,0,0,NA,NA,NA,1,1,27,34,64,84,209,43,50,93,126,312,NA,NA,NA,NA,NA,162,206,259,279,906,19,15,34,39,107,7,12,15,6,40,10,17,17,24,68,27,25,63,64,179,79,83,93,78,333,147,232,400,406,1185,"peplomi01",1,"Mike Peplowski"
"890","MEMPHIS","MEMPHIS","MEMPHIS","MEMPHIS",NA,32,32,30,32,126,968,1017,970,1169,4124,140,202,175,235,752,336,437,419,507,1699,53,24,17,49,143,136,76,66,136,414,87,192,137,146,562,108,234,182,184,708,NA,NA,NA,NA,NA,113,109,110,111,443,130,118,150,148,546,71,66,82,85,304,7,1,6,1,15,104,99,93,108,404,65,88,70,57,280,420,620,504,665,2209,"perryel01",14,"Elliot Perry"
"891","AUBURN","AUBURN","AUBURN","AUBURN",NA,26,27,27,28,108,857,955,957,1006,3775,153,208,194,217,772,325,411,349,448,1533,42,69,58,93,262,118,141,125,210,594,52,53,61,94,260,68,73,79,128,348,NA,NA,NA,NA,NA,147,183,192,179,701,48,55,102,79,284,35,28,21,28,112,31,29,17,11,88,49,60,69,84,262,49,45,46,45,185,400,538,507,621,2066,"persowe01",44,"Wesley Person"
"892","VALPO","VALPO","VALPO","VALPO",NA,34,34,37,29,134,1006,1039,1186,1019,4250,154,195,223,218,790,314,399,442,468,1623,57,83,91,58,289,149,178,207,160,694,68,97,142,172,479,88,117,167,194,566,33,64,93,74,264,164,227,312,293,996,49,42,49,64,204,29,24,26,23,102,5,11,11,11,38,65,49,63,71,248,75,67,77,64,283,433,570,679,666,2348,"peteral01",0,"Alec Peters"
"893","LOYOLAMARY","UCLA",NA,NA,NA,28,33,NA,NA,61,639,868,NA,NA,1507,188,163,NA,NA,351,319,327,NA,NA,646,0,2,NA,NA,2,2,7,NA,NA,9,84,61,NA,NA,145,123,102,NA,NA,225,NA,NA,NA,NA,NA,214,205,NA,NA,419,12,30,NA,NA,42,26,26,NA,NA,52,55,58,NA,NA,113,60,67,NA,NA,127,95,104,NA,NA,199,460,389,NA,NA,849,"petruri01",0,"Richard Petruska"
"894","SOUTHERNU","SOUTHERNU","SOUTHERNU","SOUTHERNU",NA,23,31,31,28,113,158,923,937,986,3004,26,166,232,260,684,53,385,574,641,1653,3,44,112,123,282,7,128,300,353,788,30,44,46,152,272,42,60,70,211,383,NA,NA,NA,NA,NA,41,142,132,132,447,8,55,89,52,204,6,56,66,90,218,2,3,9,13,27,13,49,57,63,182,13,52,NA,NA,65,85,420,622,795,1922,"phillbo01",27.2,"Bobby Phills"
"895","NEBRASKA","NEBRASKA","NEBRASKA","NEBRASKA",NA,34,29,30,30,123,679,873,894,972,3418,128,144,178,226,676,275,338,367,456,1436,44,47,48,63,202,127,136,129,172,564,72,79,98,131,380,86,109,129,165,489,NA,NA,NA,NA,NA,125,184,171,189,669,68,97,75,82,322,22,21,33,46,122,18,18,8,20,64,48,74,67,72,261,61,71,63,64,259,372,414,502,646,1934,"piatker01",31,"Eric Piatkowski"
"896","KANSAS","KANSAS","KANSAS",NA,NA,34,36,38,NA,108,862,1013,NA,NA,1875,143,215,287,NA,645,341,441,559,NA,1341,35,33,40,NA,108,115,71,118,NA,304,83,124,163,NA,370,137,173,221,NA,531,NA,NA,NA,NA,NA,180,243,253,NA,676,61,77,98,NA,236,44,61,42,NA,147,27,28,43,NA,98,80,108,NA,NA,188,82,98,NA,NA,180,404,587,777,NA,1768,"piercpa01",150,"Paul Pierce"
"897","TEXAS","TEXAS","TEXAS","TEXAS",NA,29,36,35,34,134,NA,NA,NA,648,648,29,38,130,140,337,48,68,211,214,541,0,0,0,0,0,0,0,0,0,0,16,23,94,75,208,34,41,136,135,346,NA,NA,NA,101,101,52,87,191,199,529,2,6,13,17,38,5,3,13,12,33,10,18,33,63,124,NA,22,50,60,132,NA,NA,NA,90,90,74,99,354,355,882,"pittmde01",0.5,"Dexter Pittman"
"898","DUKE","DUKE","DUKE","DUKE",NA,34,37,34,36,141,480,960,964,1248,3652,49,112,143,221,525,106,190,250,369,915,2,0,0,0,2,8,2,0,0,10,25,41,93,173,332,46,93,176,254,569,39,97,99,98,333,105,313,312,358,1088,30,57,55,70,212,18,35,26,36,115,30,62,55,52,199,32,73,74,103,282,73,96,86,92,347,125,265,379,615,1384,"plumlma01",23.4,"Mason Plumlee"
"899","DUKE","DUKE","DUKE","DUKE",NA,24,40,37,34,135,NA,654,617,697,1968,18,83,72,89,262,38,148,138,146,470,0,1,0,0,1,0,1,0,0,1,6,39,32,48,125,11,59,54,76,200,NA,65,71,99,235,34,197,177,242,650,1,12,14,18,45,4,20,20,18,62,12,26,17,32,87,20,43,33,42,138,NA,103,88,78,269,42,206,176,226,650,"plumlmi01",9.7,"Miles Plumlee"
"900","UTAH","UTAH",NA,NA,NA,34,36,NA,NA,70,792,1093,NA,NA,1885,128,228,NA,NA,356,188,353,NA,NA,541,0,0,NA,NA,0,1,0,NA,NA,1,55,164,NA,NA,219,124,238,NA,NA,362,92,102,NA,NA,194,230,327,NA,NA,557,23,70,NA,NA,93,12,21,NA,NA,33,63,56,NA,NA,119,55,74,NA,NA,129,82,83,NA,NA,165,311,620,NA,NA,931,"poeltja01",4.6,"Jakob Poeltl"
"902","KANSAS","KANSAS","KANSAS","KANSAS",NA,35,31,34,28,128,597,620,835,702,2754,95,113,123,94,425,175,203,218,178,774,NA,NA,NA,1,1,NA,NA,NA,1,1,74,89,96,99,358,108,136,151,140,535,NA,NA,NA,NA,NA,173,192,253,232,850,13,17,10,19,59,22,20,26,35,103,27,34,84,73,218,32,47,72,42,193,89,79,103,68,339,264,315,342,288,1209,"pollasc01",26.6,"Scot Pollard"
"903","WASHINGTON","WASHINGTON","WASHINGTON","WASHINGTON",NA,32,33,35,36,136,NA,NA,NA,1162,1162,124,118,165,245,652,249,261,323,464,1297,18,15,3,18,54,48,52,14,51,165,76,76,89,187,428,100,111,120,226,557,NA,NA,NA,107,107,128,157,207,265,757,49,63,55,63,230,21,15,25,46,107,6,5,13,21,45,NA,59,66,68,193,NA,NA,NA,90,90,342,327,422,695,1786,"pondequ01",8.9,"Quincy Pondexter"
"904","WASHINGTON","WASHINGTON","KENTUCKY","KENTUCKY",NA,29,27,33,37,126,872,868,728,731,3199,110,106,89,96,401,190,201,173,197,761,6,5,21,17,49,7,20,44,46,117,74,112,72,73,331,92,130,99,107,428,NA,NA,NA,NA,NA,234,217,207,190,848,58,34,29,37,158,25,29,24,37,115,17,9,38,44,108,72,58,43,49,222,70,64,96,100,330,300,329,271,282,1182,"popema01",1.3,"Mark Pope"
"905","AUBURN","AUBURN",NA,NA,NA,30,26,NA,NA,56,862,755,NA,NA,1617,179,141,NA,NA,320,381,304,NA,NA,685,8,4,NA,NA,12,22,17,NA,NA,39,113,94,NA,NA,207,179,139,NA,NA,318,NA,NA,NA,NA,NA,259,191,NA,NA,450,34,30,NA,NA,64,64,52,NA,NA,116,13,9,NA,NA,22,71,54,NA,NA,125,76,70,NA,NA,146,479,380,NA,NA,859,"portech01",0.2,"Chris Porter"
"906","GEORGETOWN","GEORGETOWN",NA,NA,NA,33,31,NA,NA,64,980,1097,NA,NA,2077,125,168,NA,NA,293,238,350,NA,NA,588,12,43,NA,NA,55,53,102,NA,NA,155,59,122,NA,NA,181,84,157,NA,NA,241,66,55,NA,NA,121,225,232,NA,NA,457,51,84,NA,NA,135,37,57,NA,NA,94,27,28,NA,NA,55,38,47,NA,NA,85,64,61,NA,NA,125,321,501,NA,NA,822,"porteot01",21.8,"Otto Porter"
"907","ARKANSAS","ARKANSAS",NA,NA,NA,34,36,NA,NA,70,918,1076,NA,NA,1994,161,250,NA,NA,411,316,466,NA,NA,782,9,14,NA,NA,23,33,30,NA,NA,63,87,115,NA,NA,202,118,156,NA,NA,274,86,133,NA,NA,219,230,321,NA,NA,551,50,42,NA,NA,92,35,39,NA,NA,74,54,50,NA,NA,104,41,56,NA,NA,97,59,78,NA,NA,137,418,629,NA,NA,1047,"portibo01",5.9,"Bobby Portis"
"908","XAVIER","XAVIER","XAVIER",NA,NA,29,30,36,NA,95,780,NA,1268,NA,2048,130,145,191,NA,466,232,261,391,NA,884,6,19,48,NA,73,32,59,131,NA,222,121,150,179,NA,450,155,182,220,NA,557,NA,NA,NA,NA,NA,226,253,322,NA,801,40,39,84,NA,163,49,63,102,NA,214,15,16,34,NA,65,60,NA,118,NA,178,75,NA,123,NA,198,387,459,609,NA,1455,"poseyja01",51.6,"James Posey"
"909","STJOHNS","STJOHNS","STJOHNS","STJOHNS",NA,27,32,37,33,129,689,NA,1001,1155,2845,51,100,172,171,494,140,221,387,400,1148,9,17,41,25,92,47,51,99,85,282,41,100,100,106,347,62,121,126,131,440,NA,NA,NA,NA,NA,89,162,236,229,716,60,50,35,60,205,34,33,32,30,129,14,11,12,21,58,71,NA,52,49,172,83,NA,68,79,230,152,317,485,473,1427,"postela01",-0.2,"Lavor Postell"
"910","WRIGHTST","WRIGHTST",NA,NA,NA,30,25,NA,NA,55,900,807,NA,NA,1707,212,197,NA,NA,409,352,322,NA,NA,674,NA,1,NA,NA,1,NA,6,NA,NA,6,151,139,NA,NA,290,206,195,NA,NA,401,NA,NA,NA,NA,NA,193,182,NA,NA,375,41,36,NA,NA,77,17,11,NA,NA,28,39,17,NA,NA,56,133,102,NA,NA,235,110,97,NA,NA,207,575,534,NA,NA,1109,"potapvi01",15.5,"Vitaly Potapenko"
"911","STANFORD","STANFORD","STANFORD","STANFORD",NA,31,35,34,36,136,756,614,1032,1167,3569,88,73,179,175,515,187,161,383,379,1110,7,1,15,10,33,25,17,33,39,114,69,55,133,145,402,101,78,167,211,557,43,40,72,70,225,160,161,285,247,853,30,26,72,112,240,24,28,26,47,125,28,21,39,30,118,44,52,83,104,283,93,80,104,113,390,252,202,506,505,1465,"poweldw01",11.4,"Dwight Powell"
"912","CALIFORNIA","CALIFORNIA",NA,NA,NA,27,27,NA,NA,54,804,953,NA,NA,1757,142,178,NA,NA,320,291,359,NA,NA,650,0,3,NA,NA,3,1,9,NA,NA,10,125,194,NA,NA,319,205,270,NA,NA,475,NA,NA,NA,NA,NA,256,273,NA,NA,529,19,38,NA,NA,57,19,24,NA,NA,43,17,15,NA,NA,32,NA,NA,NA,NA,NA,NA,NA,NA,NA,NA,409,553,NA,NA,962,"powele01",12,"Leon Powe"
"913","UCLA","UCLA","UCLA","UCLA",NA,33,35,37,36,141,586,773,952,1244,3555,58,79,153,213,503,154,182,287,467,1090,26,27,20,38,111,75,92,68,119,354,9,27,96,127,259,15,40,123,169,347,9,4,24,21,58,74,76,105,169,424,39,37,63,75,214,16,25,51,66,158,9,18,14,16,57,24,38,38,80,180,45,67,85,91,288,151,212,422,591,1376,"powelno01",4.8,"Norman Powell"
"914","UCONN","UCONN","UCONN",NA,NA,31,33,35,NA,99,NA,NA,NA,NA,NA,99,160,170,NA,429,256,366,417,NA,1039,24,52,82,NA,158,88,141,204,NA,433,69,106,93,NA,268,100,142,129,NA,371,NA,NA,NA,NA,NA,93,117,122,NA,332,113,192,164,NA,469,37,43,24,NA,104,2,3,0,NA,5,NA,78,94,NA,172,NA,NA,NA,NA,NA,291,478,515,NA,1284,"priceaj01",4.7,"A.J. Price"
"915","SCAROLINA","SCAROLINA","OKLAHOMA","OKLAHOMA",NA,29,30,35,30,124,643,952,1197,1064,3856,98,144,178,182,602,213,294,428,391,1326,49,68,91,76,284,112,139,244,194,689,66,76,166,120,428,77,90,198,152,517,NA,NA,NA,NA,NA,47,75,127,111,360,78,128,192,185,583,41,52,97,80,270,0,4,8,6,18,64,76,117,70,327,69,80,107,94,350,311,432,613,560,1916,"pricebr01",12,"Brent Price"
"916","KENTUCKY","KENTUCKY","KENTUCKY","KENTUCKY",NA,37,32,34,32,135,747,1087,1117,1067,4018,82,153,207,206,648,198,362,418,441,1419,29,46,64,65,204,101,150,179,191,621,21,74,97,83,275,32,105,115,118,370,NA,NA,NA,NA,NA,142,192,221,202,757,45,58,99,52,254,25,27,24,34,110,21,41,37,43,142,38,64,58,64,224,34,54,56,51,195,214,426,575,560,1775,"princta01",63.1,"Tayshaun Prince"
"917","BAYLOR","BAYLOR","BAYLOR","BAYLOR",NA,24,38,33,34,129,154,542,868,1040,2604,35,79,167,187,468,60,170,354,433,1017,2,15,60,53,130,6,41,152,147,346,16,61,65,113,255,22,86,101,146,355,21,40,60,81,202,52,105,184,206,547,3,23,42,77,145,9,20,49,43,121,2,7,29,25,63,12,51,67,91,221,37,78,70,86,271,88,234,459,540,1321,"princta02",2,"Taurean Prince"
"918","KANSAS","KANSAS","KANSAS","KANSAS",NA,36,37,31,35,139,962,1100,944,976,3982,134,144,155,177,610,294,296,306,337,1233,36,17,55,46,154,88,54,129,108,379,41,88,83,106,318,54,119,108,130,411,NA,NA,NA,NA,NA,77,95,76,89,337,73,113,136,177,499,32,52,47,59,190,4,7,8,9,28,51,84,69,91,295,92,100,82,84,358,345,393,448,506,1692,"pritcke01",0.4,"Kevin Pritchard"
"919","MARYLAND","MARYLAND","MARYLAND","MARYLAND",NA,27,32,32,34,125,366,1033,NA,982,2381,54,160,184,185,583,112,337,412,368,1229,12,35,34,24,105,33,99,117,77,326,34,57,104,100,295,45,91,147,148,431,NA,NA,NA,NA,NA,74,171,165,162,572,32,67,104,73,276,40,63,87,68,258,6,21,36,13,76,55,87,NA,86,228,43,70,NA,77,190,154,412,506,494,1566,"profila01",0.7,"Laron Profit"
"920","USC","USC","USC",NA,NA,29,25,26,NA,80,870,859,861,NA,2590,124,130,104,NA,358,255,312,250,NA,817,63,68,48,NA,179,140,179,137,NA,456,45,94,68,NA,207,64,117,85,NA,266,NA,NA,NA,NA,NA,73,101,73,NA,247,92,78,113,NA,283,56,55,47,NA,158,2,7,7,NA,16,NA,NA,NA,NA,NA,NA,NA,NA,NA,NA,356,422,324,NA,1102,"pruitga01",0.4,"Gabe Pruitt"
"921","MINNESOTA","MINNESOTA",NA,NA,NA,28,21,NA,NA,49,713,638,NA,NA,1351,79,122,NA,NA,201,141,199,NA,NA,340,0,0,NA,NA,0,0,0,NA,NA,0,30,55,NA,NA,85,52,111,NA,NA,163,NA,NA,NA,NA,NA,163,176,NA,NA,339,41,50,NA,NA,91,0,17,NA,NA,17,0,81,NA,NA,81,64,77,NA,NA,141,89,61,NA,NA,150,188,299,NA,NA,487,"przybjo01",23,"Joel Przybilla"
"922","CALIFORNIA","CALIFORNIA",NA,NA,NA,34,31,NA,NA,65,975,1012,NA,NA,1987,161,151,NA,NA,312,262,312,NA,NA,574,1,8,NA,NA,9,2,20,NA,NA,22,103,124,NA,NA,227,154,187,NA,NA,341,94,94,NA,NA,188,290,324,NA,NA,614,31,48,NA,NA,79,18,21,NA,NA,39,42,31,NA,NA,73,52,67,NA,NA,119,105,96,NA,NA,201,426,434,NA,NA,860,"rabbiv01",0.1,"Ivan Rabb"
"923","BARTONCCC","BARTONCCC",NA,NA,NA,33,38,NA,NA,71,NA,1072,NA,NA,1072,140,231,NA,NA,371,241,381,NA,NA,622,0,2,NA,NA,2,1,3,NA,NA,4,60,121,NA,NA,181,102,191,NA,NA,293,NA,NA,NA,NA,NA,198,342,NA,NA,540,23,49,NA,NA,72,NA,NA,NA,NA,NA,NA,NA,NA,NA,NA,NA,NA,NA,NA,NA,NA,NA,NA,NA,NA,340,585,NA,NA,925,"radojal01",-0.4,"Aleksandar Radojevic"
"924","KANSAS","KANSAS","KANSAS","KANSAS",NA,31,31,35,35,132,325,844,902,1025,3096,54,201,183,205,643,102,311,305,319,1037,NA,0,0,1,1,NA,1,1,4,6,32,95,100,113,340,51,145,148,178,522,NA,NA,NA,NA,NA,83,208,216,216,723,19,53,65,80,217,9,31,35,33,108,1,2,13,6,22,32,59,57,88,236,34,93,79,101,307,140,497,466,524,1627,"randama01",1,"Mark Randall"
"925","KENTUCKY",NA,NA,NA,NA,40,NA,NA,NA,40,1233,NA,NA,NA,1233,196,NA,NA,NA,196,391,NA,NA,NA,391,3,NA,NA,NA,3,18,NA,NA,NA,18,204,NA,NA,NA,204,289,NA,NA,NA,289,139,NA,NA,NA,139,416,NA,NA,NA,416,57,NA,NA,NA,57,20,NA,NA,NA,20,31,NA,NA,NA,31,101,NA,NA,NA,101,91,NA,NA,NA,91,599,NA,NA,NA,599,"randlju01",7.5,"Julius Randle"
"926","LSU",NA,NA,NA,NA,31,NA,NA,NA,31,1016,NA,NA,NA,1016,183,NA,NA,NA,183,394,NA,NA,NA,394,2,NA,NA,NA,2,19,NA,NA,NA,19,115,NA,NA,NA,115,166,NA,NA,NA,166,NA,NA,NA,NA,NA,263,NA,NA,NA,263,38,NA,NA,NA,38,35,NA,NA,NA,35,70,NA,NA,NA,70,92,NA,NA,NA,92,NA,NA,NA,NA,NA,483,NA,NA,NA,483,"randoan01",5.8,"Anthony Randolph"
"927","MICHIGANST",NA,NA,NA,NA,33,NA,NA,NA,33,654,NA,NA,NA,654,138,NA,NA,NA,138,235,NA,NA,NA,235,0,NA,NA,NA,0,1,NA,NA,NA,1,80,NA,NA,NA,80,126,NA,NA,NA,126,NA,NA,NA,NA,NA,221,NA,NA,NA,221,34,NA,NA,NA,34,24,NA,NA,NA,24,22,NA,NA,NA,22,53,NA,NA,NA,53,60,NA,NA,NA,60,356,NA,NA,NA,356,"randoza01",80.9,"Zach Randolph"
"928","WYOMING","WYOMING","WYOMING","WYOMING",NA,27,28,28,28,111,298,824,892,912,2926,14,99,160,148,421,32,184,281,272,769,NA,0,0,1,1,NA,1,1,5,7,21,60,111,107,299,36,116,171,169,492,NA,NA,NA,NA,NA,54,173,217,211,655,8,8,27,31,74,7,14,25,16,62,43,124,114,144,425,11,56,71,69,207,40,89,98,95,322,49,258,431,404,1142,"ratlith01",47.9,"Theo Ratliff"
"929","SYRACUSE","SYRACUSE","SYRACUSE","SYRACUSE",NA,20,35,37,35,127,NA,NA,NA,1137,1137,20,84,126,130,360,53,226,332,297,908,15,67,102,98,282,46,188,279,241,754,3,17,33,66,119,6,24,45,81,156,NA,NA,NA,18,18,17,69,123,118,327,13,51,112,171,347,6,45,52,69,172,2,6,6,8,22,NA,NA,73,98,171,NA,NA,NA,76,76,58,252,387,424,1121,"rautian01",-0.2,"Andy Rautins"
"930","OHIOST","OHIOST","OHIOST",NA,NA,30,36,30,NA,96,NA,1183,1004,NA,2187,241,261,197,NA,699,550,560,452,NA,1562,46,46,34,NA,126,152,135,108,NA,395,130,135,90,NA,355,211,220,116,NA,547,NA,NA,NA,NA,NA,194,203,196,NA,593,91,85,62,NA,238,61,51,37,NA,149,3,2,6,NA,11,NA,89,62,NA,151,NA,61,56,NA,117,658,703,518,NA,1879,"reddmi01",55.9,"Michael Redd"
"931","DUKE","DUKE","DUKE","DUKE",NA,33,37,33,36,139,1013,1152,1231,1336,4732,149,172,202,302,825,361,407,495,643,1906,95,102,121,139,457,238,258,300,330,1126,102,143,196,221,662,111,150,209,256,726,NA,NA,NA,NA,NA,81,115,108,71,375,67,58,86,95,306,38,27,35,52,152,2,3,2,2,9,NA,NA,NA,NA,NA,NA,NA,NA,NA,NA,495,589,721,964,2769,"redicjj01",49.8,"J.J. Redick"
"932","MIAMIFL","MIAMIFL","MIAMIFL","MIAMIFL",NA,33,30,35,33,131,683,824,1007,1165,3679,71,77,129,161,438,207,164,275,372,1018,40,37,46,79,202,112,81,120,199,512,35,56,84,90,265,52,77,103,108,340,12,25,21,28,86,55,121,143,158,477,38,57,42,79,216,16,27,27,43,113,4,13,15,16,48,44,32,44,67,187,55,68,72,52,247,217,247,388,491,1343,"reedda01",0,"Davon Reed"
"933","OLEMISS","OLEMISS","OLEMISS","OLEMISS",NA,35,31,28,28,122,862,870,825,939,3496,160,167,159,193,679,335,348,326,416,1425,3,8,20,14,45,23,29,47,59,158,62,111,92,117,382,113,141,126,160,540,NA,NA,NA,NA,NA,205,205,147,209,766,27,34,30,41,132,45,24,35,19,123,24,15,27,23,89,NA,NA,NA,NA,NA,NA,NA,NA,NA,NA,385,453,430,517,1785,"reedju01",0.5,"Justin Reed"
"934","OKSTATE","OKSTATE","OKSTATE","OKSTATE",NA,36,29,34,37,136,763,944,1170,1288,4165,111,210,264,289,874,213,338,451,493,1495,NA,1,0,0,1,NA,2,1,5,8,69,145,185,219,618,109,223,311,310,953,NA,NA,NA,NA,NA,182,291,329,350,1152,24,36,52,30,142,7,14,27,18,66,26,38,70,60,194,55,71,90,109,325,116,91,105,118,430,291,566,713,797,2367,"reevebr01",13,"Bryant Reeves"
"935","ARIZONA","ARIZONA","ARIZONA","ARIZONA",NA,35,30,28,35,128,657,921,754,1113,3445,104,148,118,276,646,229,311,237,572,1349,31,44,26,85,186,67,119,79,224,489,78,78,80,211,447,113,99,110,264,586,NA,NA,NA,NA,NA,82,95,97,150,424,103,110,80,103,396,36,50,37,64,187,6,2,1,4,13,70,71,54,85,280,74,69,64,88,295,317,418,342,848,1925,"reevekh01",8.4,"Khalid Reeves"
"936","GEORGETOWN","GEORGETOWN","GEORGETOWN","GEORGETOWN",NA,28,32,31,31,122,215,279,713,731,1938,13,18,90,88,209,30,43,140,148,361,NA,NA,NA,NA,NA,NA,NA,NA,NA,NA,18,14,58,47,137,30,31,92,91,244,NA,NA,NA,NA,NA,59,68,182,178,487,7,4,27,26,64,10,11,37,31,89,10,13,39,60,122,22,26,50,44,142,55,62,117,113,347,44,50,238,223,555,"reiddo01",13.7,"Don Reid"
"937","UNC","UNC","UNC",NA,NA,36,33,27,NA,96,1030,1042,716,NA,2788,198,222,164,NA,584,339,366,267,NA,972,NA,NA,NA,NA,NA,NA,NA,NA,NA,NA,132,151,101,NA,384,202,222,151,NA,575,NA,NA,NA,NA,NA,268,293,170,NA,731,66,57,36,NA,159,47,39,23,NA,109,27,38,21,NA,86,94,127,71,NA,292,110,113,81,NA,304,528,595,429,NA,1552,"reidjr01",22.5,"J.R. Reid"
"938","FLORIDAST","FLORIDAST","FLORIDAST","FLORIDAST",NA,35,25,35,31,126,563,603,669,704,2539,41,51,62,82,236,73,96,141,167,477,0,1,0,0,1,0,1,0,0,1,19,38,48,46,151,41,56,76,77,250,46,57,52,58,213,113,124,130,123,490,8,16,26,35,85,9,18,23,18,68,16,16,23,16,71,38,45,72,51,206,62,65,71,46,244,101,141,172,210,624,"reidry01",0.1,"Ryan Reid"
"939","TEXAS","TEXAS","TEXAS","TEXAS",NA,34,26,34,30,124,1147,966,1139,1100,4352,239,169,185,233,826,516,448,448,491,1903,45,29,37,34,145,123,106,143,114,486,125,129,132,123,509,177,185,187,182,731,NA,NA,NA,NA,NA,146,130,185,158,619,121,92,106,121,440,58,48,79,70,255,7,11,5,6,29,70,79,81,81,311,84,58,80,50,272,648,496,539,623,2306,"renchte01",-0.2,"Terrence Rencher"
"940","KENTUCKY","KENTUCKY","KENTUCKY","USC",NA,33,33,33,25,124,661,848,902,716,3127,101,142,130,114,487,224,326,333,255,1138,27,32,39,30,128,70,117,110,81,378,70,167,128,92,457,101,215,164,154,634,NA,NA,NA,NA,NA,80,136,120,122,458,59,91,125,104,379,36,76,51,41,204,13,18,11,7,49,72,74,90,95,331,73,104,93,66,336,299,483,427,350,1559,"rhodero01",-1.6,"Rodrick Rhodes"
"941","MICHIGAN","MICHIGAN","MICHIGAN","MICHIGAN",NA,32,32,33,37,134,520,1056,1155,1258,3989,105,226,308,363,1002,191,402,539,629,1761,NA,3,33,99,135,NA,12,77,192,281,15,85,79,124,303,25,108,98,149,380,NA,NA,NA,NA,NA,97,294,236,232,859,21,76,92,85,274,13,14,36,39,102,5,15,9,11,40,29,66,70,81,246,43,74,62,75,254,225,540,728,949,2442,"ricegl01",88.7,"Glen Rice"
"942","GATECH","GATECH","GATECH",NA,NA,35,31,21,NA,87,643,885,628,NA,2156,69,145,102,NA,316,157,347,223,NA,727,28,42,30,NA,100,60,139,90,NA,289,24,65,40,NA,129,43,102,66,NA,211,44,58,41,NA,143,107,173,141,NA,421,58,79,48,NA,185,37,46,28,NA,111,17,12,18,NA,47,43,71,48,NA,162,69,75,50,NA,194,190,397,274,NA,861,"ricegl02",-0.2,"Glen Rice"
"943","FLORIDA","FLORIDA","FLORIDA","FLORIDA",NA,30,32,39,40,141,391,396,681,735,2203,46,45,97,98,286,76,73,139,142,430,0,0,0,0,0,0,0,0,0,0,21,14,38,52,125,38,23,54,83,198,NA,NA,NA,NA,NA,78,80,140,147,445,3,10,19,17,49,8,13,14,13,48,13,20,14,12,59,NA,NA,NA,NA,NA,NA,NA,NA,NA,NA,113,104,232,248,697,"richach01",0.7,"Chris Richard"
"944","MICHIGANST","MICHIGANST",NA,NA,NA,37,33,NA,NA,70,582,940,NA,NA,1522,79,182,NA,NA,261,157,362,NA,NA,519,8,49,NA,NA,57,27,122,NA,NA,149,23,73,NA,NA,96,42,106,NA,NA,148,NA,NA,NA,NA,NA,153,195,NA,NA,348,23,73,NA,NA,96,20,38,NA,NA,58,6,28,NA,NA,34,38,42,NA,NA,80,56,74,NA,NA,130,189,486,NA,NA,675,"richaja01",59.1,"Jason Richardson"
"945","TENNESSEE","TENNESSEE","TENNESSEE","TENNESSEE",NA,34,33,37,32,136,543,1013,1124,1162,3842,36,99,139,184,458,102,211,293,399,1005,9,9,34,46,98,38,42,100,128,308,16,54,69,99,238,25,78,87,124,314,18,41,29,28,116,47,143,106,143,439,24,51,56,115,246,18,35,27,67,147,19,23,30,16,88,32,55,37,85,209,61,82,79,79,301,97,261,381,513,1252,"richajo01",7.1,"Josh Richardson"
"946","SYRACUSE",NA,NA,NA,NA,37,NA,NA,NA,37,1272,NA,NA,NA,1272,152,NA,NA,NA,152,412,NA,NA,NA,412,79,NA,NA,NA,79,224,NA,NA,NA,224,113,NA,NA,NA,113,157,NA,NA,NA,157,19,NA,NA,NA,19,158,NA,NA,NA,158,77,NA,NA,NA,77,42,NA,NA,NA,42,10,NA,NA,NA,10,79,NA,NA,NA,79,91,NA,NA,NA,91,496,NA,NA,NA,496,"richama01",0,"Malachi Richardson"
"947","UCLA","UCLA","UCLA","UCLA",NA,29,32,30,31,122,983,1112,1035,1167,4297,128,144,142,186,600,260,273,302,335,1170,NA,2,2,48,52,NA,8,7,97,112,51,46,62,50,209,74,79,93,89,335,NA,NA,NA,NA,NA,131,163,153,118,565,179,208,210,236,833,30,49,53,57,189,2,5,6,9,22,94,103,93,78,368,73,83,68,76,300,307,336,348,470,1461,"richapo01",26.7,"Pooh Richardson"
"948","DEPAUL","DEPAUL",NA,NA,NA,31,33,NA,NA,64,1040,1150,NA,NA,2190,203,202,NA,NA,405,425,468,NA,NA,893,44,73,NA,NA,117,127,190,NA,NA,317,136,84,NA,NA,220,183,119,NA,NA,302,NA,NA,NA,NA,NA,327,325,NA,NA,652,32,72,NA,NA,104,24,35,NA,NA,59,8,9,NA,NA,17,61,77,NA,NA,138,69,75,NA,NA,144,586,561,NA,NA,1147,"richaqu01",32.8,"Quentin Richardson"
"949","UNLV","UNLV",NA,NA,NA,27,28,NA,NA,55,922,992,NA,NA,1914,206,282,NA,NA,488,420,548,NA,NA,968,81,55,NA,NA,136,202,137,NA,NA,339,65,195,NA,NA,260,87,236,NA,NA,323,NA,NA,NA,NA,NA,141,250,NA,NA,391,87,71,NA,NA,158,NA,NA,NA,NA,NA,NA,NA,NA,NA,NA,NA,NA,NA,NA,NA,NA,NA,NA,NA,NA,558,814,NA,NA,1372,"rideris01",22.8,"Isaiah Rider"
"950","OREGON","OREGON","OREGON",NA,NA,28,35,33,NA,96,848,1209,1169,NA,3226,59,169,203,NA,431,174,361,470,NA,1005,29,93,81,NA,203,99,211,212,NA,522,61,111,162,NA,334,77,128,184,NA,389,NA,NA,NA,NA,NA,70,103,112,NA,285,106,176,218,NA,500,29,58,63,NA,150,4,4,2,NA,10,67,107,129,NA,303,59,62,77,NA,198,208,542,649,NA,1399,"ridnolu01",36,"Luke Ridnour"
"951","MICHIGAN","MICHIGAN","MICHIGAN","MICHIGAN",NA,31,28,32,35,126,403,840,480,525,2248,34,105,82,78,299,56,235,139,133,563,0,0,NA,0,0,1,1,NA,2,4,16,87,37,39,179,35,115,64,53,267,NA,NA,NA,NA,NA,102,242,139,169,652,15,29,21,14,79,9,20,7,15,51,40,78,19,31,168,27,76,50,37,190,84,108,84,82,358,84,297,201,195,777,"rileyer01",2.5,"Eric Riley"
"952","DUKE",NA,NA,NA,NA,34,NA,NA,NA,34,1129,NA,NA,NA,1129,174,NA,NA,NA,174,402,NA,NA,NA,402,58,NA,NA,NA,58,159,NA,NA,NA,159,121,NA,NA,NA,121,184,NA,NA,NA,184,21,NA,NA,NA,21,115,NA,NA,NA,115,71,NA,NA,NA,71,33,NA,NA,NA,33,1,NA,NA,NA,1,79,NA,NA,NA,79,76,NA,NA,NA,76,527,NA,NA,NA,527,"riverau01",6.9,"Austin Rivers"
"953","COLORADO","COLORADO","COLORADO",NA,NA,38,36,31,NA,105,847,1087,1036,NA,2970,101,149,132,NA,382,174,292,275,NA,741,12,19,19,NA,50,35,50,58,NA,143,42,102,54,NA,198,76,166,98,NA,340,106,111,92,NA,309,297,401,347,NA,1045,33,42,44,NA,119,51,46,67,NA,164,42,67,41,NA,150,44,65,74,NA,183,112,85,77,NA,274,256,419,337,NA,1012,"roberan03",12.6,"Andre Roberson"
"954","BAYLOR","BAYLOR","MISSST","MISSST",NA,30,26,30,32,118,858,838,982,1023,3701,174,133,175,171,653,391,316,337,382,1426,26,11,12,12,61,79,42,40,41,202,124,119,144,188,575,183,174,227,288,872,NA,NA,NA,NA,NA,247,271,303,351,1172,39,40,37,61,177,51,45,43,50,189,39,29,18,26,112,NA,NA,NA,NA,NA,NA,NA,NA,NA,NA,498,396,506,542,1942,"roberla01",2.5,"Lawrence Roberts"
"955","KANSAS","KANSAS","KANSAS","KANSAS",NA,34,36,39,33,142,303,654,NA,1165,2122,40,50,104,136,330,82,120,229,310,741,19,24,50,51,144,42,58,116,138,354,47,37,66,101,251,61,46,90,116,313,NA,NA,NA,NA,NA,43,54,109,132,338,32,99,248,106,485,16,16,55,56,143,1,7,12,13,33,11,46,NA,48,105,32,63,NA,77,172,146,161,324,424,1055,"roberry01",0,"Ryan Robertson"
"956","LSU",NA,NA,NA,NA,32,NA,NA,NA,32,859,NA,NA,NA,859,200,NA,NA,NA,200,347,NA,NA,NA,347,0,NA,NA,NA,0,1,NA,NA,NA,1,51,NA,NA,NA,51,111,NA,NA,NA,111,NA,NA,NA,NA,NA,315,NA,NA,NA,315,40,NA,NA,NA,40,20,NA,NA,NA,20,60,NA,NA,NA,60,56,NA,NA,NA,56,122,NA,NA,NA,122,451,NA,NA,NA,451,"roberst01",8.1,"Stanley Roberts"
"957","MICHIGAN","MICHIGAN","MICHIGAN","MICHIGAN",NA,28,29,29,34,120,813,825,933,1095,3666,142,134,124,150,550,304,328,272,347,1251,27,12,13,17,69,78,49,37,68,232,93,71,78,94,336,116,83,92,122,413,NA,NA,NA,NA,NA,136,132,178,194,640,63,71,100,130,364,33,34,38,64,169,4,14,19,10,47,NA,NA,NA,NA,NA,NA,NA,NA,NA,NA,404,351,339,411,1505,"robinbe01",2,"Bernard Robinson"
"958","WKENTUCKY","WKENTUCKY","WKENTUCKY","WKENTUCKY",NA,32,31,31,26,120,574,954,951,860,3339,89,187,203,163,642,175,391,448,358,1372,16,34,35,30,115,52,93,110,101,356,41,49,86,81,257,64,68,121,120,373,NA,NA,NA,NA,NA,110,178,207,161,656,37,63,68,61,229,28,49,58,68,203,4,19,7,18,48,30,71,88,66,255,58,96,94,89,337,235,457,527,437,1656,"robinch01",-0.1,"Chris Robinson"
"959","UCONN","UCONN","UCONN","UCONN",NA,28,16,34,31,109,442,556,1079,974,3051,60,107,222,235,624,164,255,463,500,1382,NA,6,NA,4,10,NA,18,NA,12,30,36,69,156,145,406,59,121,238,212,630,NA,NA,NA,NA,NA,88,119,233,228,668,14,32,44,46,136,10,11,34,55,110,12,11,49,44,116,33,57,92,75,257,74,54,114,104,346,156,289,600,619,1664,"robincl02",89.7,"Clifford Robinson"
"960","PURDUE","PURDUE",NA,NA,NA,28,34,NA,NA,62,1010,1166,NA,NA,2176,246,368,NA,NA,614,519,762,NA,NA,1281,32,79,NA,NA,111,80,208,NA,NA,288,152,215,NA,NA,367,205,270,NA,NA,475,NA,NA,NA,NA,NA,258,344,NA,NA,602,49,66,NA,NA,115,57,56,NA,NA,113,34,31,NA,NA,65,103,139,NA,NA,242,82,88,NA,NA,170,676,1030,NA,NA,1706,"robingl01",39.8,"Glenn Robinson"
"961","MICHIGAN","MICHIGAN",NA,NA,NA,39,37,NA,NA,76,1312,1194,NA,NA,2506,167,182,NA,NA,349,292,373,NA,NA,665,23,33,NA,NA,56,71,108,NA,NA,179,71,87,NA,NA,158,105,115,NA,NA,220,83,54,NA,NA,137,211,164,NA,NA,375,43,44,NA,NA,87,39,35,NA,NA,74,10,11,NA,NA,21,32,46,NA,NA,78,44,55,NA,NA,99,428,484,NA,NA,912,"robingl02",3.4,"Glenn Robinson III"
"962","ALABAMA","ALABAMA","ALABAMA",NA,NA,33,34,29,NA,96,917,1217,1000,NA,3134,194,237,202,NA,633,413,533,481,NA,1427,64,83,78,NA,225,153,232,222,NA,607,102,104,116,NA,322,146,146,170,NA,462,NA,NA,NA,NA,NA,130,138,130,NA,398,40,79,68,NA,187,35,38,47,NA,120,15,10,21,NA,46,76,108,93,NA,277,98,78,67,NA,243,554,661,598,NA,1813,"robinja02",5.8,"James Robinson"
"963","WASHINGTON","WASHINGTON","WASHINGTON",NA,NA,23,31,35,NA,89,576,833,1101,NA,2510,120,138,188,NA,446,260,309,406,NA,975,19,46,62,NA,127,74,130,161,NA,365,41,87,136,NA,264,57,102,174,NA,333,NA,NA,NA,NA,NA,89,121,135,NA,345,52,84,149,NA,285,26,53,61,NA,140,0,3,6,NA,9,NA,NA,NA,NA,NA,NA,NA,NA,NA,NA,300,409,574,NA,1283,"robinna01",27.8,"Nate Robinson"
"964","MICHIGAN","MICHIGAN","MICHIGAN",NA,NA,33,37,30,NA,100,858,1110,1020,NA,2988,115,199,201,NA,515,208,357,410,NA,975,7,30,48,NA,85,26,64,117,NA,207,84,122,125,NA,331,126,186,185,NA,497,NA,NA,NA,NA,NA,101,125,127,NA,353,158,233,184,NA,575,39,70,41,NA,150,10,4,15,NA,29,81,131,119,NA,331,86,105,96,NA,287,321,550,575,NA,1446,"robinru01",5.2,"Rumeal Robinson"
"965","KANSAS","KANSAS","KANSAS",NA,NA,33,33,39,NA,105,236,482,1242,NA,1960,33,101,261,NA,395,68,168,517,NA,753,0,0,7,NA,7,0,0,14,NA,14,17,49,163,NA,229,43,96,239,NA,378,34,74,113,NA,221,88,212,463,NA,763,9,20,72,NA,101,7,14,42,NA,63,18,22,34,NA,74,26,43,104,NA,173,43,67,107,NA,217,83,251,692,NA,1026,"robinth01",4.6,"Thomas Robinson"
"966","UMASS","UMASS","UMASS","UMASS",NA,34,31,35,34,134,706,938,1123,971,3738,90,154,218,199,661,170,273,432,374,1249,NA,NA,4,1,5,NA,NA,15,3,18,86,121,210,161,578,128,167,315,228,838,NA,NA,NA,NA,NA,219,285,292,274,1070,32,40,61,58,191,16,24,32,21,93,22,32,30,37,121,44,81,86,78,289,92,104,91,83,370,266,429,650,560,1905,"roelo01",0,"Lou Roe"
"967","ARKANSASLR","TENNST","TENNST",NA,NA,19,29,31,NA,79,393,918,1052,NA,2363,64,239,288,NA,591,126,385,469,NA,980,NA,0,4,NA,4,NA,3,13,NA,16,31,111,179,NA,321,56,178,276,NA,510,NA,NA,NA,NA,NA,132,339,358,NA,829,22,30,47,NA,99,11,19,21,NA,51,38,93,93,NA,224,30,63,122,NA,215,127,103,89,NA,319,159,589,759,NA,1507,"rogerca01",11.1,"Carlos Rogers"
"968","WAKE","WAKE","WAKE",NA,NA,30,29,30,NA,89,895,945,981,NA,2821,199,245,239,NA,683,349,399,431,NA,1179,10,19,24,NA,53,35,50,67,NA,152,81,86,134,NA,301,121,126,187,NA,434,NA,NA,NA,NA,NA,237,247,221,NA,705,46,81,68,NA,195,53,39,54,NA,146,19,27,28,NA,74,81,69,97,NA,247,83,86,80,NA,249,489,595,636,NA,1720,"rogerro01",38.8,"Rodney Rogers"
"969","ALABAMA","ALABAMA","ALABAMA","ALABAMA",NA,14,23,33,32,102,155,275,479,1173,2082,16,27,47,186,276,31,55,93,355,534,NA,NA,NA,NA,NA,NA,NA,NA,NA,NA,3,15,21,61,100,6,22,38,98,164,NA,NA,NA,NA,NA,32,63,120,299,514,4,2,18,30,54,1,9,10,21,41,14,28,68,156,266,9,19,36,61,125,20,30,52,74,176,35,69,115,433,652,"rogerro02",1.7,"Roy Rogers"
"970","KENTUCKY","KENTUCKY",NA,NA,NA,34,34,NA,NA,68,854,1054,NA,NA,1908,102,147,NA,NA,249,200,305,NA,NA,505,10,18,NA,NA,28,33,66,NA,NA,99,60,68,NA,NA,128,103,119,NA,NA,222,NA,NA,NA,NA,NA,97,209,NA,NA,306,118,167,NA,NA,285,87,69,NA,NA,156,8,5,NA,NA,13,NA,NA,NA,NA,NA,NA,NA,NA,NA,NA,274,380,NA,NA,654,"rondora01",55.1,"Rajon Rondo"
"971","ARIZONA","ARIZONA","ARIZONA","ARIZONA",NA,32,31,35,31,129,362,684,800,878,2724,70,140,159,181,550,117,263,283,323,986,NA,NA,2,3,5,NA,NA,4,5,9,40,114,98,140,392,65,161,149,215,590,NA,NA,NA,NA,NA,88,151,198,214,651,18,31,43,54,146,6,14,16,27,63,18,49,43,32,142,30,57,75,68,230,53,80,81,83,297,180,394,418,505,1497,"rooksse01",16.2,"Sean Rooks"
"972","MEMPHIS",NA,NA,NA,NA,40,NA,NA,NA,40,1168,NA,NA,NA,1168,208,NA,NA,NA,208,436,NA,NA,NA,436,35,NA,NA,NA,35,104,NA,NA,NA,104,146,NA,NA,NA,146,205,NA,NA,NA,205,NA,NA,NA,NA,NA,181,NA,NA,NA,181,189,NA,NA,NA,189,48,NA,NA,NA,48,15,NA,NA,NA,15,107,NA,NA,NA,107,NA,NA,NA,NA,NA,597,NA,NA,NA,597,"rosede01",34.3,"Derrick Rose"
"973","MICHIGAN","MICHIGAN","MICHIGAN",NA,NA,34,36,32,NA,102,1126,1232,1152,NA,3510,206,203,220,NA,629,424,455,477,NA,1356,36,33,55,NA,124,111,103,155,NA,369,149,116,141,NA,406,197,161,192,NA,550,NA,NA,NA,NA,NA,146,150,181,NA,477,135,140,126,NA,401,38,43,38,NA,119,8,15,6,NA,29,114,113,85,NA,312,75,82,84,NA,241,597,555,636,NA,1788,"roseja01",47.2,"Jalen Rose"
"974","DREXEL","DREXEL","DREXEL","DREXEL",NA,29,30,30,31,120,820,875,984,972,3651,144,154,216,219,733,287,296,384,368,1335,NA,NA,0,7,7,NA,NA,3,21,24,107,110,152,182,551,190,202,213,255,860,NA,NA,NA,NA,NA,330,371,404,409,1514,10,20,36,53,119,13,10,34,35,92,24,29,38,30,121,75,76,102,87,340,111,103,103,83,400,395,418,584,627,2024,"rosema01",26.5,"Malik Rose"
"975","WASHINGTON","WASHINGTON",NA,NA,NA,34,35,NA,NA,69,593,1088,NA,NA,1681,102,215,NA,NA,317,230,470,NA,NA,700,44,72,NA,NA,116,125,194,NA,NA,319,25,72,NA,NA,97,33,94,NA,NA,127,29,48,NA,NA,77,96,225,NA,NA,321,33,49,NA,NA,82,19,44,NA,NA,63,12,33,NA,NA,45,24,70,NA,NA,94,69,99,NA,NA,168,273,574,NA,NA,847,"rosste01",15,"Terrence Ross"
"976","TENNESSEE","TENNESSEE","TENNESSEE","TENNESSEE",NA,26,29,29,30,114,366,879,582,820,2647,38,120,84,127,369,97,247,200,239,783,NA,NA,NA,NA,NA,NA,NA,NA,NA,NA,11,32,22,32,97,13,48,36,56,153,NA,NA,NA,NA,NA,57,201,141,243,642,NA,NA,NA,NA,NA,9,11,12,28,60,18,32,36,60,146,7,45,45,62,159,49,92,75,85,301,87,280,199,297,863,"rothdo01",0.4,"Doug Roth"
"977","WASHINGTON","WASHINGTON","WASHINGTON","WASHINGTON",NA,13,31,26,33,103,224,938,629,1046,2837,30,144,131,228,533,60,300,232,449,1041,1,6,7,39,53,10,27,20,97,154,18,106,63,171,358,37,135,85,211,468,NA,NA,NA,NA,NA,38,164,129,186,517,13,102,58,135,308,4,37,16,46,103,3,11,9,26,49,NA,NA,NA,NA,NA,NA,NA,NA,NA,NA,79,400,332,666,1477,"roybr01",37.4,"Brandon Roy"
"978","UNC","LOUISVILLE","LOUISVILLE",NA,NA,34,31,34,NA,99,317,956,1104,NA,2377,64,192,247,NA,503,136,342,400,NA,878,NA,0,0,NA,0,NA,2,1,NA,3,39,104,122,NA,265,69,183,224,NA,476,NA,NA,NA,NA,NA,101,338,377,NA,816,18,62,53,NA,133,12,36,30,NA,78,17,41,76,NA,134,30,87,115,NA,232,41,82,94,NA,217,167,488,616,NA,1271,"roziecl01",3.9,"Clifford Rozier"
"979","LOUISVILLE","LOUISVILLE",NA,NA,NA,37,36,NA,NA,73,699,1260,NA,NA,1959,93,214,NA,NA,307,232,521,NA,NA,753,36,48,NA,NA,84,97,157,NA,NA,254,37,139,NA,NA,176,52,176,NA,NA,228,28,43,NA,NA,71,114,200,NA,NA,314,67,108,NA,NA,175,38,72,NA,NA,110,2,6,NA,NA,8,22,79,NA,NA,101,54,62,NA,NA,116,259,615,NA,NA,874,"roziete01",3.8,"Terry Rozier"
"980","TULSA","TULSA","TULSA","TULSA",NA,30,34,31,33,128,689,965,NA,1063,2717,78,98,109,117,402,146,174,217,222,759,0,0,0,0,0,1,1,2,4,8,57,95,104,149,405,123,150,154,247,674,NA,NA,NA,NA,NA,232,341,296,342,1211,22,37,46,45,150,25,31,36,61,153,46,56,78,86,266,49,74,NA,88,211,77,92,NA,98,267,213,291,322,383,1209,"ruffimi01",6.8,"Michael Ruffin"
"981","KANSAS","KANSAS","KANSAS",NA,NA,33,38,38,NA,109,1047,1234,1127,NA,3408,170,186,180,NA,536,359,420,414,NA,1193,50,75,80,NA,205,106,174,191,NA,471,54,79,67,NA,200,71,116,86,NA,273,NA,NA,NA,NA,NA,195,212,195,NA,602,65,76,81,NA,222,29,15,32,NA,76,23,34,32,NA,89,NA,NA,69,NA,69,NA,NA,NA,NA,NA,444,526,507,NA,1477,"rushbr01",11.2,"Brandon Rush"
"982","MISSOURI","MISSOURI","MISSOURI",NA,NA,22,26,36,NA,84,591,796,1149,NA,2536,109,192,249,NA,550,216,434,585,NA,1235,46,69,111,NA,226,108,154,274,NA,536,59,96,103,NA,258,78,120,134,NA,332,NA,NA,NA,NA,NA,94,174,188,NA,456,34,51,89,NA,174,29,34,39,NA,102,4,21,22,NA,47,43,87,103,NA,233,55,63,76,NA,194,323,549,712,NA,1584,"rushka01",1.7,"Kareem Rush"
"983","LONGBEACH","LONGBEACH","LONGBEACH",NA,NA,28,26,32,NA,86,552,776,1006,NA,2334,83,126,153,NA,362,193,227,285,NA,705,9,11,11,NA,31,28,28,34,NA,90,45,99,104,NA,248,69,151,143,NA,363,NA,NA,NA,NA,NA,162,192,213,NA,567,41,30,66,NA,137,8,55,54,NA,117,8,26,14,NA,48,62,57,65,NA,184,87,96,95,NA,278,220,362,421,NA,1003,"russebr01",47.4,"Bryon Russell"
"984","OHIOST",NA,NA,NA,NA,35,NA,NA,NA,35,1188,NA,NA,NA,1188,231,NA,NA,NA,231,515,NA,NA,NA,515,95,NA,NA,NA,95,231,NA,NA,NA,231,118,NA,NA,NA,118,156,NA,NA,NA,156,35,NA,NA,NA,35,198,NA,NA,NA,198,175,NA,NA,NA,175,55,NA,NA,NA,55,11,NA,NA,NA,11,102,NA,NA,NA,102,74,NA,NA,NA,74,675,NA,NA,NA,675,"russeda01",1.7,"D'Angelo Russell"
"985","GONZAGA","GONZAGA",NA,NA,NA,38,36,NA,NA,74,822,1149,NA,NA,1971,145,239,NA,NA,384,217,391,NA,NA,608,0,5,NA,NA,5,0,14,NA,NA,14,79,150,NA,NA,229,119,195,NA,NA,314,82,110,NA,NA,192,268,426,NA,NA,694,33,64,NA,NA,97,17,22,NA,NA,39,12,31,NA,NA,43,59,92,NA,NA,151,104,115,NA,NA,219,369,633,NA,NA,1002,"sabondo01",3.7,"Domantas Sabonis"
"986","MIAMIFL","MIAMIFL","MIAMIFL","MIAMIFL",NA,29,34,29,32,124,705,1104,928,1077,3814,61,109,137,137,444,127,240,289,297,953,10,29,25,22,86,41,85,71,71,268,29,73,88,123,313,40,92,111,146,389,NA,NA,NA,NA,NA,141,182,173,191,687,57,66,115,195,433,28,50,57,57,192,23,20,18,20,81,52,67,83,119,321,71,93,77,75,316,161,320,387,419,1287,"salmojo01",33.9,"John Salmons"
"987","CALIFORNIA",NA,NA,NA,NA,32,NA,NA,NA,32,797,NA,NA,NA,797,78,NA,NA,NA,78,183,NA,NA,NA,183,0,NA,NA,NA,0,0,NA,NA,NA,0,50,NA,NA,NA,50,95,NA,NA,NA,95,NA,NA,NA,NA,NA,209,NA,NA,NA,209,38,NA,NA,NA,38,15,NA,NA,NA,15,54,NA,NA,NA,54,53,NA,NA,NA,53,85,NA,NA,NA,85,206,NA,NA,NA,206,"sampsja01",1.4,"Jamal Sampson"
"988","GEORGIASOU","GEORGIASOU","GEORGIASOU","GEORGIASOU",NA,28,31,31,29,119,725,986,1092,1031,3834,106,150,231,279,766,193,288,419,515,1415,NA,NA,NA,NA,NA,NA,NA,NA,NA,NA,57,58,98,116,329,94,88,135,159,476,NA,NA,NA,NA,NA,180,202,255,256,893,23,56,35,61,175,15,24,21,27,87,21,25,16,39,101,85,80,83,88,336,81,95,87,96,359,269,358,560,674,1861,"sandeje01",-0.1,"Jeff Sanders"
"989","VCU","VCU","VCU",NA,NA,32,34,35,NA,101,NA,NA,941,NA,941,63,156,196,NA,415,125,306,367,NA,798,0,0,4,NA,4,0,0,16,NA,16,31,72,107,NA,210,68,129,167,NA,364,NA,NA,106,NA,106,165,292,319,NA,776,4,13,34,NA,51,11,22,26,NA,59,95,92,90,NA,277,25,72,58,NA,155,NA,NA,103,NA,103,157,384,503,NA,1044,"sandela01",10.3,"Larry Sanders"
"990","TXTECH","TXTECH","TXTECH","TXTECH",NA,30,28,30,31,119,729,1032,1024,1071,3856,118,205,211,202,736,272,425,414,441,1552,17,17,11,31,76,54,70,42,101,267,66,149,169,170,554,105,210,213,234,762,NA,NA,NA,NA,NA,154,264,235,242,895,48,81,88,90,307,32,45,45,22,144,3,4,2,2,11,61,85,81,87,314,77,74,75,64,290,319,576,602,605,2102,"sasseja01",0,"Jason Sasser"
"991","SMETHODIST","SMETHODIST","SMETHODIST","SMETHODIST",NA,28,30,30,29,117,NA,1042,1064,1011,3117,135,188,181,170,674,346,455,479,431,1711,28,33,37,35,133,107,113,133,122,475,122,153,119,117,511,170,212,175,163,720,NA,NA,NA,NA,NA,231,254,249,242,976,104,106,137,22,369,42,60,54,41,197,15,21,15,16,67,NA,78,98,62,238,NA,68,57,62,187,420,562,518,492,1992,"sasseje01",0.7,"Jeryl Sasser"
"992","CINCY","CINCY",NA,NA,NA,33,35,NA,NA,68,939,1203,NA,NA,2142,104,163,NA,NA,267,242,421,NA,NA,663,17,48,NA,NA,65,57,144,NA,NA,201,79,130,NA,NA,209,103,165,NA,NA,268,NA,NA,NA,NA,NA,113,165,NA,NA,278,178,177,NA,NA,355,38,60,NA,NA,98,4,6,NA,NA,10,110,111,NA,NA,221,76,89,NA,NA,165,304,504,NA,NA,808,"satteke01",-1.1,"Kenny Satterfield"
"993","USC","USC","USC",NA,NA,28,30,34,NA,92,869,1052,1116,NA,3037,152,203,173,NA,528,286,382,362,NA,1030,1,25,20,NA,46,6,62,66,NA,134,103,103,133,NA,339,130,144,166,NA,440,NA,NA,NA,NA,NA,178,180,202,NA,560,68,85,96,NA,249,23,36,30,NA,89,25,25,31,NA,81,98,110,104,NA,312,81,78,89,NA,248,408,534,499,NA,1441,"scalabr01",7.6,"Brian Scalabrine"
"994","PURDUE","PURDUE","PURDUE","PURDUE",NA,16,33,31,30,110,73,548,830,996,2447,9,80,146,173,408,16,113,219,248,596,NA,NA,NA,NA,NA,NA,NA,NA,NA,NA,6,65,111,157,339,14,100,143,195,452,NA,NA,NA,NA,NA,24,144,187,183,538,2,13,28,36,79,2,7,9,10,28,0,6,5,6,17,3,25,38,60,126,3,79,71,64,217,24,225,403,503,1155,"schefst01",2.9,"Steve Scheffler"
"995","FLORIDA","FLORIDA","FLORIDA","FLORIDA",NA,34,35,30,11,110,931,1069,1120,355,3475,161,224,220,90,695,366,456,422,163,1407,NA,1,2,0,3,NA,5,6,8,19,48,54,99,30,231,65,74,140,38,317,NA,NA,NA,NA,NA,206,228,290,105,829,78,79,81,15,253,15,19,19,11,64,96,90,58,28,272,67,71,108,37,283,111,92,95,41,339,370,503,541,210,1624,"schindw01",1,"Dwayne Schintzius"
"996","GATECH","GATECH","GATECH",NA,NA,32,32,35,NA,99,1113,1205,1368,NA,3686,181,227,336,NA,744,411,512,722,NA,1645,98,116,137,NA,351,208,292,331,NA,831,36,79,161,NA,276,55,97,203,NA,355,NA,NA,NA,NA,NA,161,131,231,NA,523,116,98,71,NA,285,43,45,62,NA,150,11,7,33,NA,51,63,73,90,NA,226,70,64,73,NA,207,496,649,970,NA,2115,"scottde01",33.4,"Dennis Scott"
"997","STJOHNS","STJOHNS","STJOHNS","STJOHNS",NA,32,30,29,22,113,526,738,830,727,2821,69,110,169,141,489,138,218,289,266,911,NA,NA,0,0,0,NA,NA,2,1,3,27,49,60,69,205,51,81,116,117,365,NA,NA,NA,NA,NA,115,167,225,203,710,7,19,33,28,87,12,29,40,25,106,13,18,15,27,73,18,42,53,46,159,75,112,100,65,352,165,269,398,351,1183,"scottsh01",1.3,"Shawnelle Scott"
"998","STJOHNS","STJOHNS","STJOHNS","STJOHNS",NA,31,34,32,30,127,1172,1304,1203,1162,4841,163,227,263,247,900,333,432,535,523,1823,7,2,16,16,41,33,27,53,53,166,67,159,165,169,560,120,213,222,213,768,NA,NA,NA,NA,NA,197,233,247,203,880,67,58,54,50,229,36,75,66,61,238,21,33,41,19,114,82,62,78,69,291,72,98,95,81,346,400,615,707,679,2401,"sealyma01",17.1,"Malik Sealy"
"999","KANSAS",NA,NA,NA,NA,26,NA,NA,NA,26,530,NA,NA,NA,530,72,NA,NA,NA,72,193,NA,NA,NA,193,34,NA,NA,NA,34,94,NA,NA,NA,94,28,NA,NA,NA,28,37,NA,NA,NA,37,10,NA,NA,NA,10,58,NA,NA,NA,58,56,NA,NA,NA,56,21,NA,NA,NA,21,1,NA,NA,NA,1,53,NA,NA,NA,53,44,NA,NA,NA,44,206,NA,NA,NA,206,"selbyjo01",-0.7,"Josh Selby"
"1000","OLEMISS","OLEMISS","OLEMISS","OLEMISS",NA,27,25,29,29,110,586,664,987,NA,2237,63,93,150,181,487,178,235,329,397,1139,17,8,15,21,61,72,42,54,60,228,52,70,114,157,393,76,99,152,216,543,NA,NA,NA,NA,NA,103,146,229,221,699,32,44,71,80,227,12,26,25,36,99,17,20,36,26,99,59,66,72,NA,197,63,83,75,NA,221,195,264,429,540,1428,"sesayan01",1.4,"Ansu Sesay"
"1001","NEVADA","NEVADA","NEVADA",NA,NA,32,31,34,NA,97,994,813,1028,NA,2835,106,60,140,NA,306,257,167,310,NA,734,6,0,19,NA,25,27,3,50,NA,80,70,25,118,NA,213,101,44,143,NA,288,NA,NA,NA,NA,NA,120,129,161,NA,410,166,153,159,NA,478,47,37,29,NA,113,3,4,7,NA,14,NA,NA,NA,NA,NA,NA,NA,NA,NA,NA,288,145,417,NA,850,"sessira01",28.4,"Ramon Sessions"
"1002","PROVIDENCE","PROVIDENCE",NA,NA,NA,29,36,NA,NA,65,892,1221,NA,NA,2113,81,127,NA,NA,208,241,288,NA,NA,529,19,11,NA,NA,30,91,53,NA,NA,144,98,125,NA,NA,223,142,188,NA,NA,330,NA,NA,NA,NA,NA,50,81,NA,NA,131,189,239,NA,NA,428,42,88,NA,NA,130,0,5,NA,NA,5,86,111,NA,NA,197,91,124,NA,NA,215,279,390,NA,NA,669,"shammgo01",-0.1,"God Shammgod"
"1003","MISSST","MISSST","UAB",NA,NA,22,6,12,NA,40,195,118,299,NA,612,23,20,68,NA,111,41,37,130,NA,208,0,0,0,NA,0,0,0,3,NA,3,6,16,34,NA,56,22,25,65,NA,112,NA,NA,NA,NA,NA,41,30,82,NA,153,11,3,20,NA,34,5,3,14,NA,22,10,5,22,NA,37,NA,NA,34,NA,34,NA,NA,NA,NA,NA,52,56,170,NA,278,"sharpwa01",-0.1,"Walter Sharpe"
"1004","TOLEDO","TOLEDO","TOLEDO","TOLEDO",NA,27,32,27,27,113,795,1049,880,NA,2724,109,188,162,138,597,196,362,275,261,1094,0,0,0,0,0,0,1,0,1,2,58,86,117,107,368,107,134,204,175,620,NA,NA,NA,NA,NA,180,179,242,270,871,17,45,41,33,136,5,13,19,16,53,21,20,30,39,110,42,79,80,NA,201,77,94,80,NA,251,276,462,441,383,1562,"shawca01",-0.1,"Casey Shaw"
"1005","GATECH","GATECH","GATECH",NA,NA,31,30,31,NA,92,NA,904,992,NA,1896,106,104,177,NA,387,271,270,436,NA,977,32,37,42,NA,111,102,111,151,NA,364,86,54,141,NA,281,131,75,175,NA,381,NA,27,53,NA,80,121,108,183,NA,412,154,120,108,NA,382,64,58,85,NA,207,6,5,6,NA,17,116,92,72,NA,280,NA,69,86,NA,155,330,299,537,NA,1166,"shumpim01",11.5,"Iman Shumpert"
"1006","NMSTATE","NMSTATE",NA,NA,NA,34,34,NA,NA,68,1048,1176,NA,NA,2224,166,275,NA,NA,441,290,510,NA,NA,800,0,3,NA,NA,3,2,15,NA,NA,17,104,137,NA,NA,241,137,202,NA,NA,339,111,132,NA,NA,243,262,395,NA,NA,657,45,58,NA,NA,103,28,34,NA,NA,62,61,75,NA,NA,136,64,67,NA,NA,131,88,92,NA,NA,180,436,690,NA,NA,1126,"siakapa01",3.7,"Pascal Siakam"
"1007","KANSAS","KANSAS","KANSAS","KANSAS",NA,32,16,32,26,106,490,390,1045,892,2817,99,95,200,191,585,179,147,376,346,1048,0,0,2,4,6,0,0,11,14,25,62,46,167,142,417,84,68,206,174,532,NA,NA,NA,NA,NA,169,131,297,287,884,9,9,39,36,93,20,15,28,15,78,27,5,30,16,78,NA,NA,NA,NA,NA,NA,NA,NA,NA,NA,260,236,569,528,1593,"simiewa01",0.9,"Wayne Simien"
"1008","LSU",NA,NA,NA,NA,33,NA,NA,NA,33,1151,NA,NA,NA,1151,216,NA,NA,NA,216,386,NA,NA,NA,386,1,NA,NA,NA,1,3,NA,NA,NA,3,199,NA,NA,NA,199,297,NA,NA,NA,297,103,NA,NA,NA,103,388,NA,NA,NA,388,158,NA,NA,NA,158,65,NA,NA,NA,65,27,NA,NA,NA,27,111,NA,NA,NA,111,92,NA,NA,NA,92,632,NA,NA,NA,632,"simmobe01",2.9,"Ben Simmons"
"1009","DEPAUL","DEPAUL","DEPAUL",NA,NA,31,33,29,NA,93,949,1009,981,NA,2939,112,142,149,NA,403,300,308,333,NA,941,31,29,61,NA,121,112,89,165,NA,366,92,120,124,NA,336,116,158,155,NA,429,NA,NA,NA,NA,NA,190,262,248,NA,700,82,53,72,NA,207,53,48,23,NA,124,3,10,4,NA,17,91,85,60,NA,236,77,97,97,NA,271,347,433,483,NA,1263,"simmobo01",20.1,"Bobby Simmons"
"1010","NCSTATE","NCSTATE",NA,NA,NA,31,32,NA,NA,63,309,880,NA,NA,1189,42,128,NA,NA,170,83,218,NA,NA,301,0,2,NA,NA,2,2,2,NA,NA,4,24,120,NA,NA,144,44,177,NA,NA,221,NA,NA,NA,NA,NA,57,203,NA,NA,260,14,54,NA,NA,68,5,21,NA,NA,26,35,80,NA,NA,115,NA,NA,NA,NA,NA,NA,NA,NA,NA,NA,108,378,NA,NA,486,"simmoce01",0.1,"Cedric Simmons"
"1011","LASALLE","LASALLE","LASALLE","LASALLE",NA,33,34,32,32,131,NA,NA,1245,1220,2465,263,297,349,335,1244,500,613,716,653,2482,2,2,21,31,56,6,8,56,65,135,142,196,189,146,673,186,259,266,221,932,NA,NA,NA,NA,NA,322,386,365,356,1429,59,86,95,115,355,53,71,55,60,239,45,77,61,65,248,91,100,93,91,375,77,73,70,71,291,670,792,908,847,3217,"simmoli01",16.9,"Lionel Simmons"
"1012","ARIZONA","ARIZONA","ARIZONA","ARIZONA",NA,23,33,23,35,114,601,1055,730,NA,2386,66,135,142,200,543,137,303,312,420,1172,29,45,45,57,176,65,139,111,155,470,43,120,95,144,402,56,157,126,185,524,NA,NA,NA,NA,NA,84,132,94,122,432,59,136,97,163,455,16,33,31,45,125,3,7,4,2,16,43,107,80,NA,230,43,77,49,NA,169,204,435,424,601,1664,"simonmi01",-0.1,"Miles Simon"
"1013","PROVIDENCE","PROVIDENCE","PROVIDENCE","PROVIDENCE",NA,32,30,33,30,125,697,793,976,877,3343,90,89,122,129,430,183,181,271,250,885,4,1,1,3,9,10,4,3,9,26,67,90,106,94,357,110,128,178,137,553,NA,NA,NA,NA,NA,211,174,216,189,790,33,36,41,38,148,24,14,25,22,85,31,27,18,21,97,48,81,82,57,268,77,83,84,63,307,251,269,351,355,1226,"simpkdi01",4.7,"Dickey Simpkins"
"1014","FLORIDAST","FLORIDAST","FLORIDAST",NA,NA,35,32,28,NA,95,NA,1005,814,NA,1819,95,117,124,NA,336,232,284,286,NA,802,34,35,35,NA,104,102,118,95,NA,315,58,57,84,NA,199,95,115,126,NA,336,NA,66,58,NA,124,172,223,191,NA,586,37,70,33,NA,140,54,71,55,NA,180,47,48,41,NA,136,70,96,61,NA,227,NA,95,90,NA,185,282,326,367,NA,975,"singlch01",2.3,"Chris Singleton"
"1015","DUKE","DUKE","DUKE","DUKE",NA,34,37,40,37,148,NA,NA,1436,1286,2722,159,208,228,219,814,348,472,550,509,1879,51,69,85,62,267,150,180,213,193,736,82,124,166,125,497,106,174,208,155,643,NA,NA,90,88,178,198,284,280,253,1015,48,89,96,60,293,36,57,41,34,168,25,38,32,12,107,75,92,79,70,316,NA,NA,86,98,184,451,609,707,625,2392,"singlky01",10,"Kyle Singler"
"1016","VIRGINIA","VIRGINIA","VIRGINIA","VIRGINIA",NA,29,29,32,33,123,866,982,1064,1122,4034,101,168,170,203,642,262,420,425,476,1583,34,51,79,58,222,106,147,203,158,614,69,125,190,189,573,89,148,218,222,677,NA,NA,NA,NA,NA,88,128,147,127,490,113,121,151,202,587,48,54,38,60,200,2,3,1,1,7,NA,NA,NA,128,128,NA,NA,NA,NA,NA,305,512,609,653,2079,"singlse01",0,"Sean Singletary"
"1017","LOUISVILLE","LOUISVILLE","LOUISVILLE","LOUISVILLE",NA,31,35,38,40,144,349,975,1203,1247,3774,38,114,121,139,412,88,256,301,344,989,19,25,17,38,99,47,92,69,132,340,25,94,88,85,292,41,138,119,98,396,5,12,19,12,48,26,109,121,94,350,56,182,211,228,677,31,69,64,90,254,2,6,5,6,19,46,101,131,106,384,66,96,114,103,379,120,347,347,401,1215,"sivape01",-0.2,"Peyton Siva"
"1018","BAYLOR","BAYLOR","BAYLOR","BAYLOR",NA,18,27,30,28,103,501,900,973,NA,2374,98,187,196,192,673,164,311,349,347,1171,NA,NA,NA,0,0,NA,NA,NA,0,0,40,101,92,123,356,95,163,172,208,638,NA,NA,NA,NA,NA,147,250,253,265,915,9,16,26,15,66,15,26,37,38,116,69,82,97,98,346,43,83,72,NA,198,56,79,87,NA,222,236,475,484,507,1702,"skinnbr01",15.8,"Brian Skinner"
"1019","MARSHALL","MARSHALL","MARSHALL","MARSHALL",NA,27,30,27,30,114,401,921,926,1031,3279,60,216,154,196,626,161,434,380,439,1414,22,93,56,80,251,73,215,171,191,650,20,72,102,95,289,29,102,125,130,386,NA,NA,NA,NA,NA,68,132,146,161,507,36,69,72,72,249,17,37,39,49,142,7,18,12,16,53,37,67,86,89,279,49,88,70,81,288,162,597,466,567,1792,"slayta01",-0.3,"Tamar Slay"
"1020","OKSTATE","OKSTATE",NA,NA,NA,33,31,NA,NA,64,1106,1014,NA,NA,2120,151,163,NA,NA,314,374,386,NA,NA,760,38,49,NA,NA,87,131,164,NA,NA,295,167,182,NA,NA,349,215,250,NA,NA,465,50,44,NA,NA,94,192,183,NA,NA,375,139,148,NA,NA,287,99,89,NA,NA,188,22,18,NA,NA,40,111,82,NA,NA,193,92,91,NA,NA,183,507,557,NA,NA,1064,"smartma01",10.3,"Marcus Smart"
"1021","UCONN","UCONN","UCONN","UCONN",NA,29,37,31,30,127,829,1221,1130,1090,4270,111,207,208,202,728,274,496,474,487,1731,40,75,46,81,242,104,191,117,193,605,26,146,123,152,447,46,180,171,190,587,NA,NA,NA,NA,NA,82,92,90,98,362,87,132,105,112,436,39,63,55,36,193,6,7,15,15,43,40,82,81,83,286,72,87,63,54,276,288,635,585,637,2145,"smithch03",3.2,"Chris Smith"
"1022","NMEXICO","NMEXICO","NMEXICO","NMEXICO",NA,31,29,33,33,126,799,929,1083,972,3783,121,180,233,203,737,290,400,506,444,1640,40,31,69,67,207,119,116,188,182,605,31,70,107,104,312,51,105,132,139,427,NA,NA,NA,NA,NA,113,127,153,181,574,68,95,102,93,358,28,34,66,50,178,20,17,31,27,95,58,63,76,91,288,57,58,55,62,232,313,461,642,577,1993,"smithch04",1.5,"Charles Smith"
"1023","BOSTONCOLL","BOSTONCOLL","BOSTONCOLL","BOSTONCOLL",NA,31,34,29,36,130,989,1117,1004,1305,4415,241,235,202,243,921,400,425,401,424,1650,3,7,5,1,16,15,19,21,12,67,132,99,114,146,491,194,173,170,227,764,NA,NA,NA,NA,NA,246,283,246,339,1114,41,46,49,109,245,27,51,45,44,167,28,30,13,29,100,NA,NA,NA,NA,NA,NA,NA,NA,NA,NA,617,576,523,633,2349,"smithcr01",16,"Craig Smith"
"1024","NCSTATE",NA,NA,NA,NA,32,NA,NA,NA,32,1114,NA,NA,NA,1114,191,NA,NA,NA,191,420,NA,NA,NA,420,55,NA,NA,NA,55,153,NA,NA,NA,153,143,NA,NA,NA,143,200,NA,NA,NA,200,26,NA,NA,NA,26,146,NA,NA,NA,146,197,NA,NA,NA,197,62,NA,NA,NA,62,14,NA,NA,NA,14,108,NA,NA,NA,108,67,NA,NA,NA,67,580,NA,NA,NA,580,"smithde03",-0.3,"Dennis Smith"
"1025","MISSOURI","MISSOURI","MISSOURI","MISSOURI",NA,30,36,32,30,128,792,975,942,1051,3760,145,217,260,275,897,288,455,462,553,1758,NA,1,0,3,4,NA,4,1,18,23,48,67,115,156,386,75,91,161,190,517,NA,NA,NA,NA,NA,197,250,295,311,1053,72,88,64,98,322,29,41,44,64,178,34,25,28,42,129,56,87,86,106,335,98,122,103,99,422,338,502,635,709,2184,"smithdo03",3,"Doug Smith"
"1026","SEILLINOIS","SEILLINOIS",NA,NA,NA,36,33,NA,NA,69,NA,NA,NA,NA,NA,219,278,NA,NA,497,376,515,NA,NA,891,47,64,NA,NA,111,101,165,NA,NA,266,97,231,NA,NA,328,136,284,NA,NA,420,NA,NA,NA,NA,NA,199,236,NA,NA,435,107,113,NA,NA,220,NA,NA,NA,NA,NA,NA,NA,NA,NA,NA,NA,NA,NA,NA,NA,NA,NA,NA,NA,NA,582,851,NA,NA,1433,"smithdo04",0.5,"Donta Smith"
"1027","LSU","LSU",NA,NA,NA,27,34,NA,NA,61,808,969,NA,NA,1777,115,156,NA,NA,271,227,282,NA,NA,509,12,13,NA,NA,25,49,35,NA,NA,84,100,100,NA,NA,200,145,168,NA,NA,313,NA,NA,NA,NA,NA,262,239,NA,NA,501,51,75,NA,NA,126,32,24,NA,NA,56,32,33,NA,NA,65,95,88,NA,NA,183,73,84,NA,NA,157,342,425,NA,NA,767,"smithja01",1.3,"Jabari Smith"
"1028","COLORADOST","COLORADOST","COLORADOST",NA,NA,26,31,30,NA,87,635,889,905,NA,2429,103,178,175,NA,456,186,344,302,NA,832,3,5,0,NA,8,12,11,3,NA,26,65,142,154,NA,361,95,186,200,NA,481,NA,NA,NA,NA,NA,152,227,304,NA,683,45,70,58,NA,173,11,20,16,NA,47,36,66,47,NA,149,NA,NA,NA,NA,NA,NA,NA,NA,NA,NA,274,503,504,NA,1281,"smithja02",13.7,"Jason Smith"
"1029","MARYLAND","MARYLAND",NA,NA,NA,30,34,NA,NA,64,988,1110,NA,NA,2098,206,245,NA,NA,451,395,424,NA,NA,819,2,9,NA,NA,11,5,21,NA,NA,26,168,209,NA,NA,377,229,282,NA,NA,511,NA,NA,NA,NA,NA,321,362,NA,NA,683,25,40,NA,NA,65,45,53,NA,NA,98,93,97,NA,NA,190,59,72,NA,NA,131,88,103,NA,NA,191,582,708,NA,NA,1290,"smithjo02",60.3,"Joe Smith"
"1030","LOUISVILLE","LOUISVILLE","LOUISVILLE","LOUISVILLE",NA,35,33,35,30,133,990,984,1167,1031,4172,136,125,158,173,592,285,269,318,359,1231,28,32,32,39,131,100,86,91,109,386,143,112,123,113,491,158,129,143,137,567,NA,NA,NA,NA,NA,88,75,117,110,390,156,184,226,147,713,51,40,21,62,174,3,1,4,6,14,152,116,124,108,500,99,94,84,84,361,443,394,471,498,1806,"smithla02",1.5,"LaBradford Smith"
"1031","BYU","BYU","BYU","BYU",NA,29,32,32,29,122,NA,NA,NA,NA,NA,99,253,248,286,886,218,497,489,545,1749,NA,34,49,33,116,NA,70,113,87,270,34,103,134,160,431,45,114,159,173,491,NA,NA,NA,NA,NA,153,273,248,248,922,77,55,100,85,317,12,13,24,21,70,9,6,3,4,22,63,65,101,130,359,77,75,94,74,320,232,643,679,765,2319,"smithmi01",1.4,"Michael Smith"
"1032","PROVIDENCE","PROVIDENCE","PROVIDENCE",NA,NA,31,33,30,NA,94,876,976,872,NA,2724,108,135,144,NA,387,218,243,238,NA,699,0,NA,0,NA,0,1,NA,1,NA,2,117,119,100,NA,336,202,218,140,NA,560,NA,NA,NA,NA,NA,319,375,344,NA,1038,41,38,25,NA,104,32,40,33,NA,105,51,31,23,NA,105,70,73,44,NA,187,90,92,89,NA,271,333,389,388,NA,1110,"smithmi02",23.4,"Michael Smith"
"1033","ULAMO","ULAMO",NA,NA,NA,27,28,NA,NA,55,927,1011,NA,NA,1938,166,187,NA,NA,353,383,441,NA,NA,824,55,75,NA,NA,130,187,222,NA,NA,409,113,113,NA,NA,226,153,141,NA,NA,294,NA,NA,NA,NA,NA,185,264,NA,NA,449,51,96,NA,NA,147,48,42,NA,NA,90,17,25,NA,NA,42,120,121,NA,NA,241,54,56,NA,NA,110,500,562,NA,NA,1062,"smithmi03",-0.1,"Mike Smith"
"1034","DUKE","DUKE","DUKE","DUKE",NA,34,34,38,37,143,NA,NA,1349,1259,2608,70,98,240,260,668,150,230,543,568,1491,22,27,60,57,166,57,78,153,163,451,40,62,122,187,411,52,73,159,230,514,NA,NA,35,44,79,52,74,106,166,398,45,58,114,189,406,18,32,47,45,142,5,2,9,3,19,49,55,70,118,292,NA,NA,67,72,139,202,285,662,764,1913,"smithno01",-0.8,"Nolan Smith"
"1035","TXCHRIST","TXCHRIST","TXCHRIST","TXCHRIST",NA,30,29,28,34,121,613,763,1004,1135,3515,88,115,192,225,620,187,260,377,426,1250,NA,NA,NA,0,0,NA,NA,NA,2,2,52,74,106,158,390,98,117,207,257,679,NA,NA,NA,NA,NA,127,179,274,386,966,14,23,51,70,158,18,30,24,31,103,20,40,43,30,133,41,52,60,80,233,121,98,98,131,448,228,304,490,608,1630,"smithre01",0.4,"Reggie Smith"
"1036","LOUISVILLE","LOUISVILLE","LOUISVILLE","LOUISVILLE",NA,17,39,40,37,133,96,837,1211,1084,3228,14,149,232,225,620,41,419,560,481,1501,7,41,62,70,180,17,134,189,181,521,3,110,222,153,488,5,144,276,217,642,1,27,41,29,98,7,98,132,122,359,14,76,116,172,378,13,87,83,74,257,1,1,2,4,8,13,90,108,105,316,17,110,102,92,321,38,449,748,673,1908,"smithru01",-0.2,"Russ Smith"
"1037","MICHIGANST","MICHIGANST","MICHIGANST","MICHIGANST",NA,28,33,31,30,122,812,1168,1081,1134,4195,108,217,233,268,826,232,454,443,566,1695,14,22,45,66,147,30,63,98,162,353,69,129,116,150,464,91,169,167,187,614,NA,NA,NA,NA,NA,112,229,216,183,740,82,112,150,109,453,27,43,25,16,111,2,12,17,5,36,74,98,112,100,384,72,90,81,75,318,299,585,627,752,2263,"smithst01",83.7,"Steve Smith"
"1038","MARQUETTE","MARQUETTE","MARQUETTE","MARQUETTE",NA,29,28,28,29,114,722,894,943,1131,3690,86,136,153,240,615,161,260,275,485,1181,1,7,8,36,52,3,19,12,87,121,61,88,84,173,406,81,119,115,202,517,NA,NA,NA,NA,NA,96,126,109,137,468,62,82,158,167,469,40,52,45,53,190,12,16,12,18,58,58,68,93,113,332,62,78,77,81,298,234,367,398,689,1688,"smithto02",6.7,"Tony Smith"
"1039","NMEXICO","NMEXICO","NMEXICO",NA,NA,34,35,35,NA,104,595,895,1093,NA,2583,47,120,144,NA,311,129,268,341,NA,738,29,72,64,NA,165,84,186,164,NA,434,25,54,86,NA,165,34,65,102,NA,201,16,11,14,NA,41,65,94,92,NA,251,30,82,101,NA,213,6,18,29,NA,53,6,13,17,NA,36,29,53,72,NA,154,37,39,46,NA,122,148,366,438,NA,952,"snellto01",9.6,"Tony Snell"
"1040","MICHIGANST","MICHIGANST","MICHIGANST","MICHIGANST",NA,25,28,32,28,113,144,798,992,916,2850,12,53,91,117,273,25,97,177,225,524,0,0,13,7,20,2,5,45,24,76,3,15,22,62,102,15,56,49,102,222,NA,NA,NA,NA,NA,15,73,111,92,291,24,145,213,217,599,6,27,57,52,142,0,5,5,4,14,20,69,86,86,261,10,82,77,77,246,27,121,217,303,668,"snower01",43.4,"Eric Snow"
"1041","NEVADA","NEVADA","NEVADA",NA,NA,18,32,34,NA,84,494,1013,1079,NA,2586,81,187,209,NA,477,215,420,485,NA,1120,19,33,54,NA,106,64,123,155,NA,342,65,113,166,NA,344,104,177,227,NA,508,NA,NA,NA,NA,NA,83,259,195,NA,537,26,81,117,NA,224,12,29,35,NA,76,15,26,22,NA,63,NA,NA,NA,NA,NA,NA,NA,NA,NA,NA,246,520,638,NA,1404,"snydeki01",4.5,"Kirk Snyder"
"1042","CLEMSON","CLEMSON","CLEMSON",NA,NA,34,30,30,NA,94,662,1079,998,NA,2739,73,213,183,NA,469,203,531,461,NA,1195,26,93,95,NA,214,85,248,252,NA,585,41,108,130,NA,279,66,158,165,NA,389,NA,NA,NA,NA,NA,50,123,86,NA,259,49,95,102,NA,246,32,38,42,NA,112,17,14,9,NA,40,75,125,123,NA,323,79,85,71,NA,235,213,627,591,NA,1431,"solomwi01",0,"Will Solomon"
"1043","WAKE","WAKE","WAKE","WAKE",NA,31,35,30,34,130,757,842,766,1036,3401,125,162,145,204,636,248,317,290,390,1245,2,0,4,6,12,8,2,9,16,35,123,157,102,193,575,153,188,125,226,692,NA,NA,NA,NA,NA,165,191,181,276,813,48,41,51,89,229,39,31,26,45,141,21,26,22,27,96,86,81,73,119,359,111,118,98,104,431,375,481,396,607,1859,"songada01",15.9,"Darius Songaila"
"1044","CALSTFULL","CALSTFULL","CALSTFULL",NA,NA,26,18,28,NA,72,867,566,901,NA,2334,139,82,160,NA,381,330,160,324,NA,814,6,6,8,NA,20,32,12,24,NA,68,118,79,156,NA,353,182,116,231,NA,529,NA,NA,NA,NA,NA,223,159,272,NA,654,18,13,25,NA,56,35,25,44,NA,104,32,13,16,NA,61,NA,NA,NA,NA,NA,NA,NA,NA,NA,NA,402,249,484,NA,1135,"sowpa01",0.8,"Pape Sow"
"1045","FLORIDA","FLORIDA",NA,NA,NA,33,36,NA,NA,69,189,874,NA,NA,1063,57,216,NA,NA,273,85,346,NA,NA,431,0,0,NA,NA,0,0,0,NA,NA,0,20,90,NA,NA,110,30,130,NA,NA,160,NA,NA,NA,NA,NA,86,290,NA,NA,376,2,34,NA,NA,36,8,15,NA,NA,23,15,49,NA,NA,64,NA,62,NA,NA,62,NA,NA,NA,NA,NA,134,522,NA,NA,656,"speigma01",25.3,"Marreese Speights"
"1046","GEORGIA","UNLV","UNLV",NA,NA,11,31,28,NA,70,304,535,855,NA,1694,59,82,174,NA,315,92,157,273,NA,522,0,NA,0,NA,0,1,NA,2,NA,3,14,33,65,NA,112,28,70,119,NA,217,NA,NA,NA,NA,NA,58,124,228,NA,410,21,38,47,NA,106,9,22,16,NA,47,27,76,70,NA,173,29,55,75,NA,159,18,62,72,NA,152,132,197,413,NA,742,"spencel01",0,"Elmore Spencer"
"1047","LOUISVILLE","LOUISVILLE","LOUISVILLE","LOUISVILLE",NA,31,35,33,35,134,356,532,581,995,2464,43,93,85,188,409,78,157,140,276,651,NA,NA,NA,NA,NA,NA,NA,NA,NA,NA,32,73,99,146,350,65,114,135,204,518,NA,NA,NA,NA,NA,83,146,169,296,694,12,18,20,45,95,3,8,14,43,68,18,17,29,69,133,35,38,48,81,202,60,101,100,126,387,118,259,269,522,1168,"spencfe01",20.9,"Felton Spencer"
"1048","ALABAMA","ALABAMA",NA,NA,NA,33,35,NA,NA,68,865,1266,NA,NA,2131,116,227,NA,NA,343,217,460,NA,NA,677,5,68,NA,NA,73,12,171,NA,NA,183,58,101,NA,NA,159,84,131,NA,NA,215,NA,NA,NA,NA,NA,165,183,NA,NA,348,62,74,NA,NA,136,35,63,NA,NA,98,16,23,NA,NA,39,54,92,NA,NA,146,53,64,NA,NA,117,295,623,NA,NA,918,"sprewla01",56.3,"Latrell Sprewell"
"1049","UNC","UNC",NA,NA,NA,35,34,NA,NA,69,734,1170,NA,NA,1904,138,215,NA,NA,353,296,416,NA,NA,712,2,37,NA,NA,39,20,90,NA,NA,110,150,185,NA,NA,335,205,260,NA,NA,465,NA,NA,NA,NA,NA,176,280,NA,NA,456,69,93,NA,NA,162,42,50,NA,NA,92,17,59,NA,NA,76,87,111,NA,NA,198,55,74,NA,NA,129,428,652,NA,NA,1080,"stackje01",52.4,"Jerry Stackhouse"
"1050","SCAROLINA","SCAROLINA","SCAROLINA","SCAROLINA",NA,27,31,31,31,120,472,427,725,NA,1624,59,45,61,107,272,139,89,132,215,575,17,7,20,15,59,43,20,53,47,163,27,34,49,68,178,46,44,72,96,258,NA,NA,NA,NA,NA,100,83,132,186,501,18,15,27,32,92,13,5,19,22,59,29,12,28,55,124,41,38,52,NA,131,52,37,72,NA,161,162,131,191,297,781,"stackry01",0.2,"Ryan Stack"
"1051","MICHIGAN","MICHIGAN",NA,NA,NA,39,36,NA,NA,75,1190,1281,NA,NA,2471,138,185,NA,NA,323,298,394,NA,NA,692,80,92,NA,NA,172,182,208,NA,NA,390,74,168,NA,NA,242,87,204,NA,NA,291,20,15,NA,NA,35,116,105,NA,NA,221,52,118,NA,NA,170,22,20,NA,NA,42,9,11,NA,NA,20,44,67,NA,NA,111,26,47,NA,NA,73,430,630,NA,NA,1060,"stausni01",2.6,"Nik Stauskas"
"1052","MICHIGANST","MICHIGANST","MICHIGANST","MICHIGANST",NA,33,34,30,27,124,866,879,913,674,3332,115,138,148,103,504,206,235,282,211,934,NA,5,13,14,32,NA,9,26,43,78,57,74,70,55,256,77,95,100,81,353,NA,NA,NA,NA,NA,149,119,148,121,537,45,65,63,53,226,30,22,12,21,85,12,30,32,23,97,57,58,66,55,236,100,97,84,75,356,287,355,379,275,1296,"steigma01",0,"Matt Steigenga"
"1053","CINCY",NA,NA,NA,NA,34,NA,NA,NA,34,960,NA,NA,NA,960,162,NA,NA,NA,162,368,NA,NA,NA,368,16,NA,NA,NA,16,73,NA,NA,NA,73,79,NA,NA,NA,79,119,NA,NA,NA,119,63,NA,NA,NA,63,182,NA,NA,NA,182,84,NA,NA,NA,84,31,NA,NA,NA,31,6,NA,NA,NA,6,81,NA,NA,NA,81,66,NA,NA,NA,66,419,NA,NA,NA,419,"stephla01",15,"Lance Stephenson"
"1054","UNLV","UNLV","CALSTBAKE","CALSTBAKE",NA,22,21,30,33,106,738,737,998,1097,3570,140,116,201,228,685,284,238,342,398,1262,0,1,0,NA,1,1,4,1,NA,6,135,124,180,252,691,220,186,262,354,1022,NA,NA,NA,NA,NA,256,209,324,442,1231,10,26,17,15,68,26,18,27,32,103,26,10,33,34,103,61,76,101,84,322,73,60,83,89,305,415,357,582,708,2062,"stewake01",0.2,"Kebu Stewart"
"1055","VIRGINIA","VIRGINIA","VIRGINIA","VIRGINIA",NA,33,32,33,33,131,942,1127,1120,1202,4391,181,217,228,230,856,330,451,484,509,1774,1,40,38,35,114,1,102,125,95,323,150,192,159,189,690,195,247,201,232,875,NA,NA,NA,NA,NA,216,221,203,219,859,50,53,41,72,216,45,41,51,40,177,5,9,19,13,46,71,61,82,66,280,83,63,84,78,308,513,666,653,684,2516,"stithbr01",29.5,"Bryant Stith"
"1056","ARIZONA","ARIZONA","ARIZONA","ARIZONA",NA,29,34,30,28,121,568,590,642,721,2521,94,79,90,112,375,157,168,174,229,728,NA,NA,NA,NA,NA,NA,NA,NA,NA,NA,44,43,49,98,234,78,80,80,137,375,NA,NA,NA,NA,NA,132,145,152,215,644,7,14,15,19,55,15,14,22,9,60,49,40,41,37,167,44,42,47,42,175,68,91,84,83,326,232,201,229,322,984,"stokeed01",0,"Ed Stokes"
"1057","TENNESSEE","TENNESSEE","TENNESSEE",NA,NA,17,33,37,NA,87,436,952,1199,NA,2587,63,149,199,NA,411,119,282,375,NA,776,0,0,0,NA,0,3,0,0,NA,3,37,110,160,NA,307,65,194,230,NA,489,44,138,155,NA,337,126,318,392,NA,836,12,42,75,NA,129,16,23,26,NA,65,23,37,34,NA,94,35,68,77,NA,180,39,78,73,NA,190,163,408,558,NA,1129,"stokeja01",0.6,"Jarnell Stokes"
"1058","MARYLAND",NA,NA,NA,NA,35,NA,NA,NA,35,807,NA,NA,NA,807,167,NA,NA,NA,167,294,NA,NA,NA,294,0,NA,NA,NA,0,0,NA,NA,NA,0,102,NA,NA,NA,102,134,NA,NA,NA,134,77,NA,NA,NA,77,188,NA,NA,NA,188,15,NA,NA,NA,15,18,NA,NA,NA,18,55,NA,NA,NA,55,53,NA,NA,NA,53,80,NA,NA,NA,80,436,NA,NA,NA,436,"stonedi01",-0.1,"Diamond Stone"
"1059","ARIZONA","ARIZONA","ARIZONA","ARIZONA",NA,30,28,35,30,123,540,870,1164,1092,3666,76,99,217,222,614,167,226,484,466,1343,28,39,93,112,272,69,102,265,241,677,37,72,112,128,349,48,91,140,155,434,NA,NA,NA,NA,NA,65,116,157,128,466,76,159,208,220,663,22,45,55,52,174,3,6,3,1,13,44,82,113,139,378,43,62,81,61,247,217,309,639,684,1849,"stoudda01",55.4,"Damon Stoudamire"
"1060","ARIZONA","ARIZONA","ARIZONA","ARIZONA",NA,34,30,29,36,129,1021,774,927,1126,3848,129,125,151,210,615,291,264,334,417,1306,73,71,78,120,342,161,160,188,238,747,103,70,93,122,388,114,81,117,134,446,NA,NA,NA,NA,NA,72,49,79,83,283,38,54,86,78,256,27,18,24,30,99,0,2,2,4,8,NA,NA,NA,NA,NA,NA,NA,NA,NA,NA,434,391,473,662,1960,"stoudsa01",2.2,"Salim Stoudamire"
"1061","MARYLAND","MARYLAND","MARYLAND","MARYLAND",NA,31,14,32,34,111,620,300,988,1083,2991,68,34,112,184,398,139,78,261,386,864,6,7,22,35,70,22,26,62,102,212,50,25,83,102,260,95,41,121,149,406,NA,NA,NA,NA,NA,87,23,109,151,370,41,29,128,119,317,51,24,58,69,202,18,3,12,14,47,NA,NA,NA,NA,NA,NA,NA,NA,NA,NA,192,100,329,505,1126,"strawdj01",-0.2,"D.J. Strawberry"
"1062","XAVIER","XAVIER","XAVIER",NA,NA,30,33,33,NA,96,668,983,981,NA,2632,112,163,146,NA,421,197,264,274,NA,735,NA,NA,NA,NA,NA,NA,NA,NA,NA,NA,94,178,177,NA,449,131,218,211,NA,560,NA,NA,NA,NA,NA,213,264,328,NA,805,23,17,31,NA,71,20,27,26,NA,73,11,16,26,NA,53,61,69,79,NA,209,91,102,111,NA,304,318,504,469,NA,1291,"stronde01",18.5,"Derek Strong"
"1063","CHRISTNEWP","CHRISTNEWP","CHRISTNEWP","CHRISTNEWP",NA,30,29,28,29,116,1087,995,915,955,3952,250,255,232,279,1016,531,549,491,578,2149,27,61,47,55,190,89,194,137,145,565,125,124,92,146,487,168,181,129,195,673,NA,NA,NA,NA,NA,191,158,166,202,717,42,43,71,69,225,57,79,83,67,286,24,45,30,51,150,92,78,79,80,329,96,71,77,89,333,652,695,603,759,2709,"strotla01",-0.5,"Lamont Strothers"
"1064","EWASHINGTN","EWASHINGTN",NA,NA,NA,30,29,NA,NA,59,990,965,NA,NA,1955,250,227,NA,NA,477,510,501,NA,NA,1011,55,43,NA,NA,98,148,161,NA,NA,309,171,215,NA,NA,386,225,254,NA,NA,479,NA,NA,NA,NA,NA,144,135,NA,NA,279,123,160,NA,NA,283,66,71,NA,NA,137,8,9,NA,NA,17,NA,NA,NA,NA,NA,NA,NA,NA,NA,NA,726,712,NA,NA,1438,"stuckro01",28.7,"Rodney Stuckey"
"1065","OHIOST","OHIOST",NA,NA,NA,37,37,NA,NA,74,1172,1123,NA,NA,2295,222,228,NA,NA,450,410,439,NA,NA,849,3,16,NA,NA,19,12,40,NA,NA,52,188,175,NA,NA,363,267,228,NA,NA,495,131,116,NA,NA,247,377,340,NA,NA,717,43,46,NA,NA,89,37,43,NA,NA,80,20,39,NA,NA,59,59,71,NA,NA,130,90,109,NA,NA,199,635,647,NA,NA,1282,"sullija01",15.3,"Jared Sullinger"
"1066","GEORGETOWN","GEORGETOWN","GEORGETOWN",NA,NA,37,33,31,NA,101,NA,NA,NA,NA,NA,108,123,137,NA,368,262,287,289,NA,838,42,51,52,NA,145,127,149,135,NA,411,81,70,97,NA,248,106,99,136,NA,341,NA,NA,NA,NA,NA,138,178,128,NA,444,40,50,39,NA,129,30,34,35,NA,99,24,19,21,NA,64,NA,67,81,NA,148,NA,NA,NA,NA,NA,339,367,423,NA,1129,"summeda01",-0.1,"DaJuan Summers"
"1068","FLORIDAST","FLORIDAST","FLORIDAST","FLORIDAST",NA,31,34,27,27,119,872,1213,932,981,3998,124,241,202,164,731,269,533,431,393,1626,38,73,52,51,214,98,220,164,158,640,94,120,117,123,454,150,188,179,179,696,NA,NA,NA,NA,NA,107,209,213,185,714,76,92,121,146,435,41,54,65,49,209,5,7,19,5,36,72,129,112,92,405,67,87,67,76,297,380,675,573,502,2130,"surabo01",28.3,"Bob Sura"
"1069","ORALROB","ORALROB","ORALROB",NA,NA,28,41,35,NA,104,936,NA,NA,NA,936,214,417,393,NA,1024,564,976,858,NA,2398,83,170,185,NA,438,251,443,463,NA,1157,103,252,229,NA,584,157,328,280,NA,765,NA,NA,NA,NA,NA,121,205,168,NA,494,89,249,152,NA,490,44,88,81,NA,213,14,30,16,NA,60,109,142,91,NA,342,103,138,100,NA,341,614,1256,1200,NA,3070,"suttogr01",1,"Greg Sutton"
"1070","PURDUE","PURDUE",NA,NA,NA,34,35,NA,NA,69,875,1139,NA,NA,2014,130,222,NA,NA,352,282,421,NA,NA,703,21,38,NA,NA,59,72,85,NA,NA,157,67,164,NA,NA,231,94,210,NA,NA,304,54,96,NA,NA,150,282,436,NA,NA,718,61,107,NA,NA,168,12,15,NA,NA,27,8,28,NA,NA,36,90,118,NA,NA,208,75,97,NA,NA,172,348,646,NA,NA,994,"swanica01",0,"Caleb Swanigan"
"1071","GEORGETOWN","GEORGETOWN","GEORGETOWN",NA,NA,33,29,34,NA,96,798,883,1100,NA,2781,159,185,264,NA,608,308,326,483,NA,1117,0,0,0,NA,0,0,1,3,NA,4,104,182,248,NA,534,168,231,336,NA,735,NA,NA,NA,NA,NA,245,290,352,NA,887,59,49,66,NA,174,26,25,50,NA,101,23,48,109,NA,180,75,90,71,NA,236,67,62,95,NA,224,422,552,776,NA,1750,"sweetmi01",7.8,"Mike Sweetney"
"1072","LSU","LSU",NA,NA,NA,16,34,NA,NA,50,319,1013,NA,NA,1332,45,208,NA,NA,253,110,342,NA,NA,452,1,7,NA,NA,8,8,25,NA,NA,33,30,127,NA,NA,157,50,206,NA,NA,256,NA,NA,NA,NA,NA,69,279,NA,NA,348,5,32,NA,NA,37,15,50,NA,NA,65,35,95,NA,NA,130,46,80,NA,NA,126,43,88,NA,NA,131,121,550,NA,NA,671,"swiftst01",21.3,"Stromile Swift"
"1073","MIAMIOH","MIAMIOH","MIAMIOH","MIAMIOH",NA,22,30,21,32,105,382,927,NA,1081,2390,66,150,185,270,671,127,316,350,517,1310,22,56,63,63,204,47,121,128,177,473,22,28,79,172,301,28,39,98,207,372,NA,NA,NA,NA,NA,72,162,160,272,666,23,63,52,93,231,6,22,18,39,85,11,12,24,32,79,27,54,NA,101,182,44,81,NA,98,223,176,384,512,775,1847,"szczewa02",53.3,"Wally Szczerbiak"
"1074","PITT","PITT",NA,NA,NA,36,29,NA,NA,65,923,769,NA,NA,1692,162,159,NA,NA,321,290,274,NA,NA,564,0,0,NA,NA,0,0,0,NA,NA,0,68,68,NA,NA,136,125,116,NA,NA,241,NA,NA,NA,NA,NA,270,218,NA,NA,488,45,24,NA,NA,69,12,11,NA,NA,23,60,50,NA,NA,110,NA,NA,NA,NA,NA,NA,NA,NA,NA,NA,392,386,NA,NA,778,"taftch01",0.5,"Chris Taft"
"1075","DUKE",NA,NA,NA,NA,29,NA,NA,NA,29,966,NA,NA,NA,966,165,NA,NA,NA,165,365,NA,NA,NA,365,40,NA,NA,NA,40,117,NA,NA,NA,117,118,NA,NA,NA,118,139,NA,NA,NA,139,39,NA,NA,NA,39,213,NA,NA,NA,213,62,NA,NA,NA,62,39,NA,NA,NA,39,33,NA,NA,NA,33,76,NA,NA,NA,76,86,NA,NA,NA,86,488,NA,NA,NA,488,"tatumja01",5.2,"Jayson Tatum"
"1076","CFLORIDA","CFLORIDA","CFLORIDA","CFLORIDA",NA,29,31,31,31,122,NA,NA,NA,NA,NA,49,139,231,291,710,124,293,501,606,1524,17,63,79,92,251,56,152,215,245,668,11,54,105,138,308,25,76,132,170,403,NA,NA,NA,NA,NA,63,100,147,161,471,15,48,52,58,173,13,28,35,39,115,6,10,9,24,49,NA,NA,78,87,165,NA,NA,NA,NA,NA,126,395,646,812,1979,"tayloje02",0.2,"Jermaine Taylor"
"1077","VANDY","VANDY","VANDY","VANDY",NA,31,33,34,36,134,NA,883,1078,1157,3118,136,148,171,210,665,271,300,381,426,1378,9,1,39,66,115,41,11,113,156,321,96,141,120,95,452,139,189,167,157,652,NA,64,57,77,198,192,172,188,200,752,53,57,80,62,252,29,36,35,46,146,12,13,19,16,60,69,74,87,79,309,NA,87,83,67,237,377,438,501,581,1897,"tayloje03",1.3,"Jeff Taylor"
"1078","INDIANHICC","UTCHAT","UTCHAT",NA,NA,19,27,35,NA,81,NA,799,1070,NA,1869,139,181,214,NA,534,211,355,440,NA,1006,8,39,28,NA,75,23,102,97,NA,222,60,90,123,NA,273,84,123,185,NA,392,NA,NA,NA,NA,NA,154,192,255,NA,601,32,49,74,NA,155,NA,21,43,NA,64,NA,19,29,NA,48,NA,78,72,NA,150,NA,84,102,NA,186,346,491,579,NA,1416,"taylojo01",0.1,"Johnny Taylor"
"1079","MICHIGAN","MICHIGAN","MICHIGAN",NA,NA,30,32,35,NA,97,830,908,1055,NA,2793,157,194,173,NA,524,332,380,341,NA,1053,3,1,1,NA,5,7,4,5,NA,16,59,58,84,NA,201,98,98,117,NA,313,NA,NA,NA,NA,NA,151,223,218,NA,592,31,42,40,NA,113,14,21,26,NA,61,34,25,31,NA,90,64,66,70,NA,200,102,92,95,NA,289,376,447,431,NA,1254,"tayloma01",9.9,"Maurice Taylor"
"1080","IOWAST",NA,NA,NA,NA,31,NA,NA,NA,31,1086,NA,NA,NA,1086,165,NA,NA,NA,165,439,NA,NA,NA,439,77,NA,NA,NA,77,214,NA,NA,NA,214,88,NA,NA,NA,88,129,NA,NA,NA,129,NA,NA,NA,NA,NA,126,NA,NA,NA,126,140,NA,NA,NA,140,35,NA,NA,NA,35,3,NA,NA,NA,3,NA,NA,NA,NA,NA,NA,NA,NA,NA,NA,495,NA,NA,NA,495,"taylomi01",-0.4,"Mike Taylor"
"1081","KANSAS","KANSAS","KANSAS","KANSAS",NA,35,36,36,39,146,NA,831,977,1303,3111,120,89,116,226,551,237,203,242,474,1156,24,19,19,58,120,66,56,50,152,324,76,63,82,137,358,105,88,114,199,506,NA,17,11,8,36,76,87,70,91,324,104,121,164,186,575,38,46,36,52,172,8,7,10,6,31,83,61,97,138,379,NA,80,69,77,226,340,260,333,647,1580,"tayloty01",-0.9,"Tyshawn Taylor"
"1082","WAKE","WAKE",NA,NA,NA,30,31,NA,NA,61,NA,NA,NA,NA,NA,135,180,NA,NA,315,311,371,NA,NA,682,32,45,NA,NA,77,81,102,NA,NA,183,114,179,NA,NA,293,142,219,NA,NA,361,NA,NA,NA,NA,NA,82,102,NA,NA,184,74,110,NA,NA,184,55,58,NA,NA,113,15,20,NA,NA,35,76,104,NA,NA,180,NA,NA,NA,NA,NA,416,584,NA,NA,1000,"teaguje01",43.3,"Jeff Teague"
"1083","KENTUCKY",NA,NA,NA,NA,40,NA,NA,NA,40,1303,NA,NA,NA,1303,145,NA,NA,NA,145,352,NA,NA,NA,352,26,NA,NA,NA,26,80,NA,NA,NA,80,85,NA,NA,NA,85,119,NA,NA,NA,119,17,NA,NA,NA,17,101,NA,NA,NA,101,191,NA,NA,NA,191,37,NA,NA,NA,37,11,NA,NA,NA,11,109,NA,NA,NA,109,91,NA,NA,NA,91,401,NA,NA,NA,401,"teaguma01",-0.8,"Marquis Teague"
"1084","ARIZONA","ARIZONA","ARIZONA","ARIZONA",NA,31,34,35,29,129,303,1037,NA,1107,2447,32,124,124,209,489,59,280,294,472,1105,15,40,61,76,192,26,121,176,191,514,16,72,62,141,291,27,101,75,168,371,NA,NA,NA,NA,NA,23,91,84,97,295,35,150,149,159,493,19,85,61,80,245,0,3,8,6,17,35,73,NA,120,228,28,66,NA,40,134,95,360,371,635,1461,"terryja01",101.2,"Jason Terry"
"1085","UCONN","UCONN","UCONN",NA,NA,31,33,36,NA,100,NA,NA,NA,NA,NA,67,114,178,NA,359,121,189,278,NA,588,0,0,0,NA,0,0,0,0,NA,0,59,118,133,NA,310,115,169,212,NA,496,NA,NA,NA,NA,NA,199,260,388,NA,847,12,12,17,NA,41,6,9,22,NA,37,118,147,152,NA,417,NA,58,68,NA,126,NA,NA,NA,NA,NA,193,346,489,NA,1028,"thabeha01",4.8,"Hasheem Thabeet"
"1088","SYRACUSE","SYRACUSE","SYRACUSE","SYRACUSE",NA,25,35,33,29,122,408,NA,913,940,2261,55,144,148,148,495,103,236,240,246,825,0,0,0,0,0,0,0,0,0,0,33,109,109,99,350,71,178,190,146,585,NA,NA,NA,NA,NA,105,230,243,269,847,3,15,17,16,51,9,27,27,22,85,48,138,131,107,424,33,NA,56,59,148,58,NA,92,92,242,143,397,405,395,1340,"thomaet01",14.9,"Etan Thomas"
"1089","WASHINGTON","WASHINGTON","WASHINGTON",NA,NA,35,35,35,NA,105,NA,1089,1115,NA,2204,180,186,188,NA,554,431,448,422,NA,1301,39,65,60,NA,164,134,199,172,NA,505,142,156,151,NA,449,207,213,210,NA,630,NA,20,26,NA,46,106,137,123,NA,366,91,111,213,NA,415,38,37,47,NA,122,2,3,2,NA,7,92,83,104,NA,279,NA,67,75,NA,142,541,593,587,NA,1721,"thomais02",45.1,"Isaiah Thomas"
"1090","MINNESOTA","MINNESOTA","MINNESOTA","MINNESOTA",NA,26,31,32,35,124,254,639,845,834,2572,27,91,106,125,349,70,195,221,217,703,NA,NA,NA,0,0,NA,NA,NA,1,1,10,45,66,66,187,23,84,127,115,349,NA,NA,NA,NA,NA,65,144,206,221,636,3,23,25,40,91,2,19,24,30,75,5,11,24,25,65,13,62,61,54,190,37,81,97,86,301,64,227,278,316,885,"thomajo02",3.2,"John Thomas"
"1091","NMEXICO","NMEXICO","NMEXICO","NMEXICO",NA,33,32,32,26,123,981,1000,NA,903,2884,170,139,195,162,666,294,264,385,297,1240,0,11,27,27,65,3,36,72,73,184,144,155,122,113,534,203,206,159,154,722,NA,NA,NA,NA,NA,256,220,297,259,1032,53,63,95,51,262,21,22,28,41,112,50,48,79,62,239,98,98,NA,68,264,118,98,NA,66,282,484,444,539,464,1931,"thomake01",31.2,"Kenny Thomas"
"1092","TXCHRIST","TXCHRIST","TXCHRIST","TXCHRIST",NA,28,21,27,27,103,42,347,805,872,2066,8,58,224,288,578,18,119,440,526,1103,0,NA,12,3,15,2,NA,46,12,60,7,34,98,202,341,14,51,152,283,500,NA,NA,NA,NA,NA,13,114,262,393,782,2,24,50,32,108,1,9,26,51,87,2,29,69,66,166,7,37,73,77,194,11,58,108,106,283,23,150,558,781,1512,"thomaku01",64.2,"Kurt Thomas"
"1093","VILLANOVA",NA,NA,NA,NA,32,NA,NA,NA,32,1005,NA,NA,NA,1005,187,NA,NA,NA,187,416,NA,NA,NA,416,47,NA,NA,NA,47,140,NA,NA,NA,140,121,NA,NA,NA,121,152,NA,NA,NA,152,NA,NA,NA,NA,NA,193,NA,NA,NA,193,66,NA,NA,NA,66,56,NA,NA,NA,56,33,NA,NA,NA,33,91,NA,NA,NA,91,88,NA,NA,NA,88,542,NA,NA,NA,542,"thomati01",35.2,"Tim Thomas"
"1094","LSU",NA,NA,NA,NA,32,NA,NA,NA,32,829,NA,NA,NA,829,152,NA,NA,NA,152,250,NA,NA,NA,250,1,NA,NA,NA,1,1,NA,NA,NA,1,90,NA,NA,NA,90,137,NA,NA,NA,137,NA,NA,NA,NA,NA,295,NA,NA,NA,295,42,NA,NA,NA,42,33,NA,NA,NA,33,99,NA,NA,NA,99,NA,NA,NA,NA,NA,NA,NA,NA,NA,NA,395,NA,NA,NA,395,"thomaty01",13,"Tyrus Thomas"
"1095","TEXASAM","TEXASAM","OKSTATE","OKSTATE",NA,31,29,29,34,123,639,1006,923,1175,3743,95,150,140,179,564,252,319,307,401,1279,43,57,60,110,270,134,147,161,233,675,25,64,83,105,277,39,86,110,133,368,NA,NA,NA,NA,NA,73,91,113,137,414,69,165,144,195,573,39,60,70,99,268,1,3,3,3,10,28,60,107,97,292,80,77,78,68,303,258,421,423,573,1675,"thompbr01",2,"Brooks Thompson"
"1096","UCLA","UCLA","UCLA","UCLA",NA,33,28,28,28,117,494,828,960,970,3252,57,155,146,183,541,133,312,336,386,1167,13,28,49,43,133,48,76,128,115,367,20,55,61,107,243,23,74,78,136,311,NA,NA,NA,NA,NA,73,131,120,222,546,35,78,63,63,239,25,41,25,42,133,9,15,4,9,37,NA,NA,NA,NA,NA,NA,NA,NA,NA,NA,147,393,402,516,1458,"thompdi01",0.2,"Dijon Thompson"
"1097","RIDER","RIDER","RIDER","RIDER",NA,30,27,31,34,122,830,858,1057,1177,3922,104,159,221,275,759,236,291,425,491,1443,6,7,6,11,30,26,21,22,34,103,60,123,176,133,492,91,175,243,229,738,NA,NA,NA,NA,NA,221,226,312,412,1171,45,43,65,93,246,21,24,23,36,104,29,48,67,91,235,NA,NA,NA,99,99,NA,NA,NA,NA,NA,274,448,624,694,2040,"thompja02",23.8,"Jason Thompson"
"1098","NCSTATE","NCSTATE","NCSTATE","NCSTATE",NA,30,31,30,27,118,366,948,1042,925,3281,45,115,194,176,530,76,190,311,324,901,NA,NA,NA,1,1,NA,NA,NA,7,7,8,36,79,66,189,21,63,138,114,336,NA,NA,NA,NA,NA,83,240,246,246,815,12,39,56,54,161,4,12,15,24,55,16,49,47,38,150,16,33,56,62,167,49,77,77,64,267,98,266,467,419,1250,"thompke01",0,"Kevin Thompson"
"1099","WASHST","WASHST","WASHST",NA,NA,33,31,34,NA,98,NA,1096,1179,NA,2275,159,200,240,NA,599,378,485,551,NA,1414,68,76,98,NA,242,165,209,246,NA,620,28,133,155,NA,316,31,166,185,NA,382,NA,37,25,NA,62,138,159,178,NA,475,62,70,127,NA,259,30,44,56,NA,130,20,22,32,NA,74,70,104,115,NA,289,NA,75,99,NA,174,414,609,733,NA,1756,"thompkl01",40.3,"Klay Thompson"
"1100","TEXAS",NA,NA,NA,NA,36,NA,NA,NA,36,1104,NA,NA,NA,1104,172,NA,NA,NA,172,315,NA,NA,NA,315,0,NA,NA,NA,0,0,NA,NA,NA,0,127,NA,NA,NA,127,261,NA,NA,NA,261,138,NA,NA,NA,138,282,NA,NA,NA,282,45,NA,NA,NA,45,34,NA,NA,NA,34,86,NA,NA,NA,86,64,NA,NA,NA,64,100,NA,NA,NA,100,471,NA,NA,NA,471,"thomptr01",35.9,"Tristan Thompson"
"1101","GEORGIA","GEORGIA","GEORGIA",NA,NA,28,31,30,NA,89,NA,962,937,NA,1899,134,207,194,NA,535,309,429,403,NA,1141,33,23,23,NA,79,86,61,74,NA,221,53,112,82,NA,247,73,147,119,NA,339,NA,65,56,NA,121,206,258,229,NA,693,22,60,42,NA,124,27,30,33,NA,90,31,36,50,NA,117,68,91,76,NA,235,NA,81,67,NA,148,354,549,493,NA,1396,"thomptr02",0,"Trey Thompkins"
"1102","FLORIDAST","FLORIDAST","FLORIDAST","FLORIDAST",NA,30,29,30,35,124,238,522,871,1092,2723,30,101,171,244,546,58,186,330,460,1034,3,4,20,36,63,7,14,42,81,144,21,57,122,166,366,42,106,164,210,522,NA,NA,NA,NA,NA,54,128,208,251,641,6,20,37,24,87,7,14,29,53,103,7,18,9,40,74,NA,NA,NA,NA,NA,NA,NA,NA,NA,NA,84,263,484,690,1521,"thornal01",6.1,"Al Thornton"
"1103","LSU","LSU",NA,NA,NA,31,35,NA,NA,66,NA,NA,NA,NA,NA,212,256,NA,NA,468,486,542,NA,NA,1028,90,78,NA,NA,168,239,201,NA,NA,440,94,149,NA,NA,243,115,200,NA,NA,315,NA,NA,NA,NA,NA,174,192,NA,NA,366,42,75,NA,NA,117,43,56,NA,NA,99,10,13,NA,NA,23,68,64,NA,NA,132,NA,NA,NA,NA,NA,608,739,NA,NA,1347,"thornma01",20,"Marcus Thornton"
"1105","SCAROLINA","SCAROLINA","SCAROLINA","SCAROLINA",NA,34,33,34,31,132,1007,1011,1125,1051,4194,143,114,144,195,596,370,335,377,439,1521,37,38,46,58,179,100,142,138,148,528,131,101,123,215,570,178,141,161,259,739,48,50,39,77,214,139,161,164,221,685,101,73,130,86,390,40,43,50,66,199,21,11,16,30,78,106,71,78,76,331,100,83,66,71,320,454,367,457,663,1941,"thornsi01",0.4,"Sindarius Thornwell"
"1106","IOWAST","IOWAST",NA,NA,NA,37,31,NA,NA,68,1212,999,NA,NA,2211,145,139,NA,NA,284,384,348,NA,NA,732,15,37,NA,NA,52,62,97,NA,NA,159,102,128,NA,NA,230,151,185,NA,NA,336,NA,NA,NA,NA,NA,189,117,NA,NA,306,244,187,NA,NA,431,98,79,NA,NA,177,37,19,NA,NA,56,156,117,NA,NA,273,106,92,NA,NA,198,407,443,NA,NA,850,"tinslja01",17.2,"Jamaal Tinsley"
"1108","KENTUCKY",NA,NA,NA,NA,39,NA,NA,NA,39,822,NA,NA,NA,822,145,NA,NA,NA,145,256,NA,NA,NA,256,2,NA,NA,NA,2,8,NA,NA,NA,8,109,NA,NA,NA,109,134,NA,NA,NA,134,92,NA,NA,NA,92,261,NA,NA,NA,261,44,NA,NA,NA,44,18,NA,NA,NA,18,88,NA,NA,NA,88,53,NA,NA,NA,53,115,NA,NA,NA,115,401,NA,NA,NA,401,"townska01",28.2,"Karl-Anthony Towns"
"1109","MICHIGAN","MICHIGAN","MICHIGAN",NA,NA,22,35,34,NA,91,438,955,NA,NA,1393,82,190,224,NA,496,148,342,387,NA,877,NA,NA,0,NA,0,NA,NA,1,NA,1,34,80,104,NA,218,62,176,162,NA,400,NA,NA,NA,NA,NA,130,271,344,NA,745,12,33,88,NA,133,19,40,44,NA,103,15,36,46,NA,97,53,99,NA,NA,152,68,117,NA,NA,185,198,460,552,NA,1210,"traylro01",13.3,"Robert Traylor"
"1110","OHIO","OHIO","OHIO",NA,NA,27,33,33,NA,93,892,1119,1134,NA,3145,194,309,293,NA,796,298,536,556,NA,1390,0,9,8,NA,17,1,33,35,NA,69,126,210,163,NA,499,181,291,254,NA,726,NA,NA,NA,NA,NA,250,377,423,NA,1050,42,65,79,NA,186,12,28,20,NA,60,26,53,26,NA,105,69,125,115,NA,309,52,78,75,NA,205,514,837,757,NA,2108,"trentga01",23.2,"Gary Trent"
"1111","USC","USC","USC","USC",NA,28,28,29,21,106,NA,764,1054,621,2439,52,125,182,72,431,129,254,373,159,915,5,18,30,8,61,25,67,79,34,205,40,62,66,37,205,63,87,100,61,311,NA,NA,NA,NA,NA,98,150,191,107,546,21,28,60,33,142,28,50,94,32,204,14,30,41,20,105,NA,55,64,40,159,NA,76,88,56,220,149,330,460,189,1128,"trepaje01",-0.2,"Jeff Trepagnier"
"1112","TEXAS","TEXAS","TEXAS",NA,NA,33,17,37,NA,87,742,500,1276,NA,2518,133,80,225,NA,438,243,152,437,NA,832,0,0,2,NA,2,0,1,3,NA,4,76,73,142,NA,291,117,102,190,NA,409,NA,NA,NA,NA,NA,225,136,353,NA,714,27,37,106,NA,170,29,21,66,NA,116,6,4,13,NA,23,NA,NA,NA,NA,NA,NA,NA,NA,NA,NA,342,233,594,NA,1169,"tuckepj01",22.8,"P.J. Tucker"
"1113","GONZAGA","GONZAGA","GONZAGA","GONZAGA",NA,32,33,31,31,127,624,814,834,967,3239,73,151,157,157,538,139,291,299,309,1038,0,1,1,2,4,2,6,3,7,18,89,212,165,177,643,128,279,233,259,899,NA,NA,NA,NA,NA,161,206,197,295,859,16,19,47,48,130,12,20,17,12,61,26,49,45,59,179,NA,NA,NA,NA,NA,NA,NA,NA,NA,NA,235,515,480,493,1723,"turiaro01",19.2,"Ronny Turiaf"
"1114","OHIOST","OHIOST","OHIOST",NA,NA,37,33,31,NA,101,NA,NA,1108,NA,1108,109,193,237,NA,539,232,384,457,NA,1073,23,11,20,NA,54,69,25,55,NA,149,72,175,138,NA,385,103,222,183,NA,508,NA,NA,62,NA,62,164,234,284,NA,682,98,131,185,NA,414,47,58,54,NA,159,19,27,28,NA,74,99,117,136,NA,352,NA,NA,86,NA,86,313,572,632,NA,1517,"turneev01",17.2,"Evan Turner"
"1115","GEORGETOWN","PHILLIPS","PHILLIPS",NA,NA,32,18,27,NA,77,682,NA,NA,NA,682,73,162,259,NA,494,156,341,489,NA,986,NA,10,17,NA,27,NA,31,47,NA,78,64,80,119,NA,263,116,142,190,NA,448,NA,NA,NA,NA,NA,199,243,370,NA,812,30,46,89,NA,165,18,11,18,NA,47,17,34,92,NA,143,43,52,85,NA,180,63,38,61,NA,162,210,414,654,NA,1278,"turnejo01",-0.1,"John Turner"
"1116","TEXAS",NA,NA,NA,NA,34,NA,NA,NA,34,755,NA,NA,NA,755,117,NA,NA,NA,117,257,NA,NA,NA,257,17,NA,NA,NA,17,62,NA,NA,NA,62,94,NA,NA,NA,94,112,NA,NA,NA,112,44,NA,NA,NA,44,222,NA,NA,NA,222,20,NA,NA,NA,20,10,NA,NA,NA,10,89,NA,NA,NA,89,47,NA,NA,NA,47,82,NA,NA,NA,82,345,NA,NA,NA,345,"turnemy01",13.4,"Myles Turner"
"1117","DEPAUL","TEXAS","TEXAS","TEXAS",NA,17,35,13,28,93,269,1215,440,932,2856,18,217,78,213,526,54,499,175,481,1209,3,84,33,99,219,18,230,93,265,606,11,122,36,112,281,14,154,57,154,379,NA,NA,NA,NA,NA,15,99,49,94,257,36,229,79,175,519,17,82,33,87,219,2,7,2,7,18,42,136,45,97,320,18,76,24,54,172,50,640,225,637,1552,"tylerbj01",-0.7,"B.J. Tyler"
"1118","MICHIGAN","MICHIGAN","BAYLOR",NA,NA,35,32,36,NA,103,NA,NA,1264,NA,1264,76,76,191,NA,343,162,174,390,NA,726,0,6,7,NA,13,3,16,26,NA,45,24,33,111,NA,168,41,56,162,NA,259,NA,NA,129,NA,129,139,160,351,NA,650,28,29,97,NA,154,23,27,29,NA,79,67,92,133,NA,292,NA,36,87,NA,123,NA,NA,87,NA,87,176,191,500,NA,867,"udohek01",8.1,"Ekpe Udoh"
"1119","KENTUCKY","KENTUCKY",NA,NA,NA,37,35,NA,NA,72,882,1288,NA,NA,2170,67,192,NA,NA,259,165,442,NA,NA,607,33,55,NA,NA,88,77,160,NA,NA,237,42,167,NA,NA,209,52,195,NA,NA,247,16,19,NA,NA,35,67,105,NA,NA,172,135,246,NA,NA,381,37,51,NA,NA,88,2,4,NA,NA,6,38,69,NA,NA,107,56,64,NA,NA,120,209,606,NA,NA,815,"ulisty01",0.6,"Tyler Ulis"
"1120","MICHIGANST","MICHIGANST","MICHIGANST","MICHIGANST",NA,36,38,39,31,144,749,1116,1295,1022,4182,69,108,197,205,579,155,265,445,444,1309,16,43,102,104,265,57,114,245,234,650,26,44,71,81,222,39,65,86,95,285,39,47,46,25,157,149,228,245,233,855,87,144,167,241,639,28,37,35,32,132,12,12,9,7,40,71,69,92,85,317,68,98,85,52,303,180,303,567,595,1645,"valende01",2.5,"Denzel Valentine"
"1121","TRINVALLCC","TRINVALLCC","CINCY","CINCY",NA,31,27,34,31,123,NA,NA,834,1049,1883,200,190,144,198,732,415,441,323,513,1692,71,66,62,85,284,186,186,163,248,783,88,105,68,87,348,128,147,101,120,496,NA,NA,NA,NA,NA,101,110,87,75,373,166,185,99,138,588,NA,NA,43,55,98,NA,NA,6,3,9,NA,NA,51,82,133,NA,NA,61,45,106,559,551,418,568,2096,"vanexni01",55.9,"Nick Van Exel"
"1122","UTAH","UTAH","UTAH","UTAH",NA,25,33,32,32,122,740,994,990,1008,3732,161,246,236,248,891,312,451,439,504,1706,35,59,54,58,206,79,153,132,150,514,100,143,160,151,554,129,167,188,167,651,NA,NA,NA,NA,NA,208,280,283,303,1074,21,45,31,45,142,19,25,21,22,87,41,25,23,37,126,54,77,72,79,282,60,69,63,61,253,457,694,686,705,2542,"vanhoke01",41.7,"Keith Van Horn"
"1123","MISSST","MISSST","MISSST","MISSST",NA,35,34,36,36,141,NA,NA,NA,1141,1141,75,109,180,184,548,116,170,328,316,930,0,1,0,0,1,1,2,1,0,4,24,50,104,128,306,45,100,159,210,514,NA,NA,NA,107,107,146,264,317,369,1096,11,18,28,32,89,12,18,22,24,76,67,157,170,170,564,NA,41,60,71,172,NA,NA,NA,88,88,174,269,464,496,1403,"varnaja01",0.7,"Jarvis Varnado"
"1124","MARYLAND","MARYLAND","MARYLAND","MARYLAND",NA,34,34,35,33,136,NA,NA,NA,1120,1120,114,199,218,220,751,257,461,538,513,1769,31,64,66,69,230,98,207,202,192,699,75,115,111,138,439,94,147,128,161,530,NA,NA,NA,38,38,112,193,189,153,647,157,231,176,208,772,39,47,49,56,191,5,9,13,12,39,NA,149,98,111,358,NA,NA,NA,69,69,334,577,613,647,2171,"vasqugr01",12.6,"Greivis Vasquez"
"1125","MEMPHIS","MEMPHIS","MEMPHIS","MEMPHIS",NA,34,1,28,29,92,958,21,969,867,2815,184,4,172,138,498,359,11,347,307,1024,0,2,7,5,14,2,2,21,17,42,86,0,115,94,295,113,0,152,129,394,NA,NA,NA,NA,NA,282,8,335,278,903,25,2,30,30,87,27,0,34,23,84,59,0,107,69,235,88,2,83,84,257,108,2,76,86,272,454,10,466,375,1305,"vaughda02",0.6,"David Vaughn"
"1126","KANSAS","KANSAS","KANSAS","KANSAS",NA,35,31,34,26,126,896,1046,1045,820,3807,91,94,120,79,384,195,208,249,185,837,28,20,39,18,105,70,58,92,54,274,63,92,91,88,334,94,134,131,113,472,NA,NA,NA,NA,NA,89,116,106,62,373,181,238,223,162,804,38,31,45,46,160,1,4,6,4,15,98,94,95,64,351,74,74,72,60,280,273,300,370,264,1207,"vaughja01",15.4,"Jacque Vaughn"
"1127","MICHIGAN","MICHIGAN","MICHIGAN","MICHIGAN",NA,32,34,37,31,134,416,748,851,930,2945,68,151,201,197,617,122,243,304,331,1000,NA,NA,2,0,2,NA,NA,5,1,6,11,55,63,86,215,22,76,81,107,286,NA,NA,NA,NA,NA,125,150,296,346,917,12,22,36,30,100,11,19,19,15,64,31,10,11,26,78,32,50,50,47,179,73,96,94,100,363,147,357,467,480,1451,"vaughlo01",35.8,"Loy Vaught"
"1128","UNLV",NA,NA,NA,NA,23,NA,NA,NA,23,742,NA,NA,NA,742,144,NA,NA,NA,144,328,NA,NA,NA,328,54,NA,NA,NA,54,141,NA,NA,NA,141,68,NA,NA,NA,68,98,NA,NA,NA,98,14,NA,NA,NA,14,111,NA,NA,NA,111,36,NA,NA,NA,36,18,NA,NA,NA,18,8,NA,NA,NA,8,50,NA,NA,NA,50,54,NA,NA,NA,54,410,NA,NA,NA,410,"vaughra01",-0.5,"Rashad Vaughn"
"1129","UCONN","UCONN",NA,NA,NA,32,31,NA,NA,63,607,798,NA,NA,1405,113,159,NA,NA,272,220,305,NA,NA,525,18,6,NA,NA,24,49,12,NA,NA,61,42,97,NA,NA,139,63,141,NA,NA,204,NA,NA,NA,NA,NA,168,257,NA,NA,425,23,40,NA,NA,63,6,20,NA,NA,26,48,57,NA,NA,105,NA,NA,NA,NA,NA,NA,NA,NA,NA,NA,286,421,NA,NA,707,"villach01",22.6,"Charlie Villanueva"
"1130","INDIANA",NA,NA,NA,NA,30,NA,NA,NA,30,794,NA,NA,NA,794,113,NA,NA,NA,113,216,NA,NA,NA,216,16,NA,NA,NA,16,33,NA,NA,NA,33,96,NA,NA,NA,96,134,NA,NA,NA,134,71,NA,NA,NA,71,269,NA,NA,NA,269,18,NA,NA,NA,18,26,NA,NA,NA,26,41,NA,NA,NA,41,64,NA,NA,NA,64,81,NA,NA,NA,81,338,NA,NA,NA,338,"vonleno01",4.6,"Noah Vonleh"
"1131","UCONN","UCONN","UCONN","UCONN",NA,33,37,34,34,138,678,NA,728,778,2184,48,100,66,109,323,99,177,129,191,596,0,0,0,0,0,0,0,0,0,0,36,56,54,71,217,57,83,87,104,331,NA,NA,NA,NA,NA,181,262,218,219,880,20,27,38,39,124,23,25,20,18,86,46,49,51,47,193,37,NA,61,62,160,110,NA,106,93,309,132,256,186,289,863,"voskuja01",11.6,"Jake Voskuhl"
"1132","IOWAST","IOWAST",NA,NA,NA,31,32,NA,NA,63,947,983,NA,NA,1930,155,186,NA,NA,341,281,330,NA,NA,611,0,1,NA,NA,1,6,7,NA,NA,13,79,72,NA,NA,151,153,142,NA,NA,295,NA,NA,NA,NA,NA,291,307,NA,NA,598,56,75,NA,NA,131,31,46,NA,NA,77,48,22,NA,NA,70,NA,NA,NA,NA,NA,NA,NA,NA,NA,NA,389,445,NA,NA,834,"vromaja01",0,"Jackson Vroman"
"1133","USC","USC","USC",NA,NA,23,30,34,NA,87,254,968,1187,NA,2409,26,126,215,NA,367,45,250,426,NA,721,0,8,29,NA,37,3,36,83,NA,122,7,61,123,NA,191,8,85,163,NA,256,22,94,97,NA,213,61,283,350,NA,694,7,36,54,NA,97,9,18,18,NA,45,9,39,47,NA,95,14,57,58,NA,129,34,82,96,NA,212,59,321,582,NA,962,"vucevni01",30.7,"Nikola Vucevic"
"1134","MARQUETTE","MARQUETTE",NA,NA,NA,32,33,NA,NA,65,935,1058,NA,NA,1993,223,251,NA,NA,474,458,501,NA,NA,959,18,14,NA,NA,32,52,44,NA,NA,96,107,194,NA,NA,301,155,249,NA,NA,404,NA,NA,NA,NA,NA,211,209,NA,NA,420,110,145,NA,NA,255,79,71,NA,NA,150,36,43,NA,NA,79,96,107,NA,NA,203,80,76,NA,NA,156,571,710,NA,NA,1281,"wadedw01",118.3,"Dwyane Wade"
"1135","FLORIDAST","FLORIDAST",NA,NA,NA,32,29,NA,NA,61,560,758,NA,NA,1318,90,124,NA,NA,214,244,284,NA,NA,528,43,65,NA,NA,108,132,164,NA,NA,296,30,49,NA,NA,79,50,68,NA,NA,118,NA,NA,NA,NA,NA,60,73,NA,NA,133,36,48,NA,NA,84,24,30,NA,NA,54,5,8,NA,NA,13,NA,NA,NA,NA,NA,NA,NA,NA,NA,NA,253,362,NA,NA,615,"wafervo01",3.3,"Von Wafer"
"1136","MEMPHIS",NA,NA,NA,NA,36,NA,NA,NA,36,1146,NA,NA,NA,1146,265,NA,NA,NA,265,647,NA,NA,NA,647,66,NA,NA,NA,66,208,NA,NA,NA,208,166,NA,NA,NA,166,230,NA,NA,NA,230,NA,NA,NA,NA,NA,89,NA,NA,NA,89,128,NA,NA,NA,128,43,NA,NA,NA,43,20,NA,NA,NA,20,105,NA,NA,NA,105,101,NA,NA,NA,101,762,NA,NA,NA,762,"wagneda02",0,"Dajuan Wagner"
"1137","SYRACUSE","SYRACUSE",NA,NA,NA,34,37,NA,NA,71,554,891,NA,NA,1445,78,170,NA,NA,248,190,357,NA,NA,547,28,41,NA,NA,69,85,113,NA,NA,198,39,86,NA,NA,125,48,118,NA,NA,166,12,18,NA,NA,30,53,85,NA,NA,138,50,92,NA,NA,142,38,67,NA,NA,105,4,12,NA,NA,16,30,48,NA,NA,78,46,69,NA,NA,115,223,467,NA,NA,690,"waitedi01",7.4,"Dion Waiters"
"1138","KENTUCKY","KENTUCKY",NA,NA,NA,33,36,NA,NA,69,479,971,NA,NA,1450,95,228,NA,NA,323,227,492,NA,NA,719,17,9,NA,NA,26,55,48,NA,NA,103,52,82,NA,NA,134,73,130,NA,NA,203,NA,NA,NA,NA,NA,148,302,NA,NA,450,47,104,NA,NA,151,28,61,NA,NA,89,8,25,NA,NA,33,59,89,NA,NA,148,62,85,NA,NA,147,259,547,NA,NA,806,"walkean02",38.1,"Antoine Walker"
"1139","KANSASST","KANSASST",NA,NA,NA,6,31,NA,NA,37,139,846,NA,NA,985,26,181,NA,NA,207,65,389,NA,NA,454,0,35,NA,NA,35,9,114,NA,NA,123,16,101,NA,NA,117,24,137,NA,NA,161,NA,NA,NA,NA,NA,27,196,NA,NA,223,5,59,NA,NA,64,4,27,NA,NA,31,0,17,NA,NA,17,NA,81,NA,NA,81,NA,NA,NA,NA,NA,68,498,NA,NA,566,"walkebi01",5,"Bill Walker"
"1140","UCONN","UCONN","UCONN",NA,NA,36,34,41,NA,111,NA,1197,1543,NA,2740,110,152,316,NA,578,234,377,739,NA,1350,13,38,75,NA,126,48,112,227,NA,387,88,155,258,NA,501,123,202,315,NA,640,NA,32,53,NA,85,125,145,223,NA,493,104,172,184,NA,460,38,70,77,NA,185,6,15,7,NA,28,66,99,93,NA,258,NA,59,56,NA,115,321,497,965,NA,1783,"walkeke02",37.3,"Kemba Walker"
"1141","LOUISVILLE","LOUISVILLE",NA,NA,NA,29,21,NA,NA,50,841,634,NA,NA,1475,153,124,NA,NA,277,279,207,NA,NA,486,2,0,NA,NA,2,6,1,NA,NA,7,88,70,NA,NA,158,164,114,NA,NA,278,NA,NA,NA,NA,NA,210,157,NA,NA,367,37,23,NA,NA,60,17,17,NA,NA,34,78,43,NA,NA,121,45,49,NA,NA,94,60,53,NA,NA,113,396,318,NA,NA,714,"walkesa01",14.2,"Samaki Walker"
"1142","ALABAMA",NA,NA,NA,NA,36,NA,NA,NA,36,824,NA,NA,NA,824,126,NA,NA,NA,126,288,NA,NA,NA,288,11,NA,NA,NA,11,63,NA,NA,NA,63,88,NA,NA,NA,88,155,NA,NA,NA,155,NA,NA,NA,NA,NA,216,NA,NA,NA,216,55,NA,NA,NA,55,42,NA,NA,NA,42,37,NA,NA,NA,37,86,NA,NA,NA,86,87,NA,NA,NA,87,351,NA,NA,NA,351,"wallage01",59.7,"Gerald Wallace"
"1143","SYRACUSE","SYRACUSE","SYRACUSE","SYRACUSE",NA,29,30,30,38,127,839,979,990,1379,4187,130,164,197,293,784,247,290,335,599,1471,0,0,4,37,41,1,2,14,88,105,61,121,106,222,510,85,159,156,291,691,NA,NA,NA,NA,NA,221,270,245,329,1065,38,50,77,90,255,34,28,39,44,145,39,52,55,63,209,92,93,91,122,398,75,90,80,94,339,321,449,504,845,2119,"wallajo01",6.4,"John Wallace"
"1144","UNC","UNC",NA,NA,NA,35,34,NA,NA,69,732,1030,NA,NA,1762,139,238,NA,NA,377,230,364,NA,NA,594,0,1,NA,NA,1,1,3,NA,NA,4,55,89,NA,NA,144,91,141,NA,NA,232,NA,NA,NA,NA,NA,232,279,NA,NA,511,18,35,NA,NA,53,24,17,NA,NA,41,63,93,NA,NA,156,49,52,NA,NA,101,81,95,NA,NA,176,333,566,NA,NA,899,"wallara01",105.1,"Rasheed Wallace"
"1145","CALIFORNIA","CALIFORNIA","CALIFORNIA","CALIFORNIA",NA,33,35,33,28,129,931,1090,1152,901,4074,88,141,208,151,588,257,328,489,343,1417,22,43,28,25,118,98,134,88,84,404,39,70,120,100,329,73,112,198,154,537,38,35,30,27,130,146,145,235,148,674,87,95,131,123,436,26,44,42,27,139,16,16,11,12,55,56,55,94,74,279,79,95,91,63,328,237,395,564,427,1623,"wallaty01",0.5,"Tyrone Wallace"
"1146","KENTUCKY",NA,NA,NA,NA,37,NA,NA,NA,37,1288,NA,NA,NA,1288,202,NA,NA,NA,202,438,NA,NA,NA,438,37,NA,NA,NA,37,114,NA,NA,NA,114,175,NA,NA,NA,175,232,NA,NA,NA,232,30,NA,NA,NA,30,159,NA,NA,NA,159,241,NA,NA,NA,241,66,NA,NA,NA,66,19,NA,NA,NA,19,149,NA,NA,NA,149,72,NA,NA,NA,72,616,NA,NA,NA,616,"walljo01",43.1,"John Wall"
"1147","NWESTERN","NWESTERN","KANSAS","KANSAS",NA,24,28,32,36,120,165,892,918,1028,3003,17,181,165,179,542,45,360,314,365,1084,5,53,68,83,209,18,112,168,193,491,11,77,115,110,313,12,97,139,126,374,NA,NA,NA,NA,NA,17,75,105,96,293,33,125,124,154,436,4,34,53,40,131,0,7,10,7,24,22,81,75,96,274,17,80,89,83,269,50,492,513,551,1606,"waltere01",6.3,"Rex Walters"
"1148","ARIZONA","ARIZONA","ARIZONA","ARIZONA",NA,34,36,31,28,129,868,736,1138,772,3514,65,74,174,107,420,184,176,370,255,985,11,9,17,28,65,55,41,60,73,229,52,41,122,59,274,73,61,179,87,400,NA,NA,NA,NA,NA,138,140,227,157,662,131,115,194,142,582,36,39,50,26,151,21,11,19,7,58,79,61,118,78,336,65,54,61,56,236,193,198,487,301,1179,"waltolu01",13.5,"Luke Walton"
"1149","FLORIDAST","FLORIDAST","FLORIDAST","FLORIDAST",NA,30,28,17,16,91,715,841,557,574,2687,81,72,49,61,263,178,145,106,167,596,15,22,16,21,74,48,48,50,83,229,62,35,18,25,140,87,66,27,40,220,NA,NA,NA,NA,NA,89,90,45,39,263,103,122,93,78,396,71,75,48,44,238,8,6,5,2,21,60,74,36,42,212,53,67,32,36,188,239,201,132,168,740,"wardch01",33,"Charlie Ward"
"1150","NCSTATE","NCSTATE",NA,NA,NA,35,35,NA,NA,70,944,1238,NA,NA,2182,186,342,NA,NA,528,299,652,NA,NA,951,14,31,NA,NA,45,27,116,NA,NA,143,39,156,NA,NA,195,72,226,NA,NA,298,74,113,NA,NA,187,146,250,NA,NA,396,28,40,NA,NA,68,42,63,NA,NA,105,15,21,NA,NA,36,34,83,NA,NA,117,77,97,NA,NA,174,425,871,NA,NA,1296,"warretj01",9.9,"T.J. Warren"
"1151","OKLAHOMA","OKLAHOMA",NA,NA,NA,36,21,NA,NA,57,NA,678,NA,NA,678,172,106,NA,NA,278,364,242,NA,NA,606,67,30,NA,NA,97,180,97,NA,NA,277,114,101,NA,NA,215,146,127,NA,NA,273,NA,14,NA,NA,14,80,69,NA,NA,149,113,86,NA,NA,199,41,21,NA,NA,62,2,1,NA,NA,3,80,80,NA,NA,160,NA,48,NA,NA,48,525,343,NA,NA,868,"warrewi01",0.2,"Willie Warren"
"1152","SYRACUSE","SYRACUSE","SYRACUSE","SYRACUSE",NA,35,35,31,34,135,609,1146,1156,1275,4186,95,197,222,253,767,172,364,434,462,1432,1,0,0,9,10,2,1,6,31,40,23,124,171,211,529,60,186,247,310,803,NA,NA,NA,NA,NA,168,297,266,294,1025,18,57,82,50,207,20,49,29,33,131,22,44,35,27,128,NA,NA,NA,NA,NA,NA,NA,NA,NA,NA,214,518,615,726,2073,"warriha01",20.4,"Hakim Warrick"
"1153","ALABAMA","ALABAMA","ALABAMA","ALABAMA",NA,17,33,32,30,112,115,719,1090,944,2868,23,141,200,167,531,57,307,469,389,1222,5,69,113,75,262,28,172,279,199,678,8,42,83,75,208,11,52,105,97,265,NA,NA,NA,NA,NA,17,130,220,190,557,12,28,32,35,107,10,30,54,46,140,4,12,22,23,61,14,55,60,57,186,11,60,77,71,219,59,393,596,484,1532,"washier01",0.1,"Eric Washington"
"1154","UCLA","UCLA","UCLA","UCLA",NA,33,31,33,32,129,NA,1053,1146,1115,3314,65,144,137,172,518,166,331,304,349,1150,21,33,41,38,133,65,103,114,108,390,40,90,61,89,280,66,128,94,140,428,NA,NA,NA,NA,NA,122,116,129,117,484,104,142,195,166,607,64,49,60,62,235,12,11,15,11,49,NA,127,102,108,337,NA,96,92,100,288,191,411,376,471,1449,"watsoea01",19.2,"Earl Watson"
"1155","SCAROLINA","SCAROLINA","SCAROLINA","SCAROLINA",NA,33,28,27,27,115,651,830,910,924,3315,81,92,159,185,517,193,209,345,403,1150,10,5,9,29,53,43,24,49,98,214,25,22,70,91,208,44,42,109,135,330,NA,NA,NA,NA,NA,83,127,136,190,536,77,81,72,66,296,32,35,41,44,152,13,10,23,10,56,40,68,79,59,246,41,54,65,70,230,197,211,397,490,1295,"watsoja01",1.2,"Jamie Watson"
"1156","SMISS","SMISS","SMISS","SMISS",NA,27,32,29,29,117,915,1166,1019,1057,4157,152,205,195,246,798,279,339,331,437,1386,1,0,7,24,32,3,2,14,53,72,92,159,120,131,502,156,230,161,194,741,NA,NA,NA,NA,NA,289,371,355,305,1320,30,28,66,47,171,31,35,42,47,155,44,45,60,78,227,65,73,74,76,288,78,89,75,57,299,397,569,517,647,2130,"weathcl01",58.4,"Clarence Weatherspoon"
"1157","WASHST","WASHST","WASHST","WASHST",NA,25,27,34,35,121,489,802,1152,1159,3602,46,85,133,138,402,119,176,273,298,866,2,8,9,24,43,22,29,38,66,155,27,55,107,126,315,49,80,139,172,440,NA,NA,NA,NA,NA,79,116,191,184,570,50,107,157,151,465,15,39,74,60,188,9,19,40,25,93,NA,NA,NA,97,97,NA,NA,NA,NA,NA,121,233,382,426,1162,"weaveky01",1.5,"Kyle Weaver"
"1158","MICHIGAN","MICHIGAN",NA,NA,NA,34,36,NA,NA,70,1088,1143,NA,NA,2231,229,281,NA,NA,510,412,454,NA,NA,866,14,27,NA,NA,41,54,80,NA,NA,134,56,101,NA,NA,157,113,183,NA,NA,296,NA,NA,NA,NA,NA,340,362,NA,NA,702,76,90,NA,NA,166,54,49,NA,NA,103,84,91,NA,NA,175,95,105,NA,NA,200,99,102,NA,NA,201,528,690,NA,NA,1218,"webbech01",84.7,"Chris Webber"
"1159","ARKANSAS","ARKANSAS",NA,NA,NA,35,34,NA,NA,69,1086,1067,NA,NA,2153,161,197,NA,NA,358,332,425,NA,NA,757,39,54,NA,NA,93,108,146,NA,NA,254,51,61,NA,NA,112,70,76,NA,NA,146,NA,NA,NA,NA,NA,167,152,NA,NA,319,73,89,NA,NA,162,45,45,NA,NA,90,15,8,NA,NA,23,NA,96,NA,NA,96,NA,NA,NA,NA,NA,412,509,NA,NA,921,"weemsso01",0,"Sonny Weems"
"1160","BALLST","BALLST","BALLST","BALLST",NA,30,28,29,29,116,887,910,900,NA,2697,177,269,229,238,913,380,544,492,486,1902,33,31,25,53,142,99,92,104,142,437,87,143,154,133,517,141,202,223,193,759,NA,NA,NA,NA,NA,183,246,230,184,843,84,80,127,95,386,84,87,73,103,347,18,34,20,20,92,80,106,124,NA,310,78,86,85,NA,249,474,712,637,662,2485,"wellsbo01",29.4,"Bonzi Wells"
"1161","AUSTINPEAY","AUSTINPEAY","AUSTINPEAY","AUSTINPEAY",NA,27,29,30,19,105,608,962,1083,685,3338,130,210,312,218,870,252,428,568,419,1667,5,8,34,47,94,14,29,78,111,232,50,132,131,120,433,83,159,173,165,580,NA,NA,NA,NA,NA,147,219,219,135,720,22,58,86,42,208,32,34,48,25,139,22,17,45,12,96,53,67,78,59,257,77,66,59,55,257,315,560,789,603,2267,"wellsbu01",0.1,"Bubba Wells"
"1162","STJOHNS","STJOHNS","STJOHNS","STJOHNS",NA,29,34,32,12,107,774,990,943,286,2993,94,124,128,40,386,190,246,259,87,782,0,NA,1,NA,1,2,NA,1,NA,3,40,82,105,36,263,60,123,145,52,380,NA,NA,NA,NA,NA,191,250,226,69,736,39,27,45,19,130,27,30,37,13,107,31,66,69,22,188,77,80,90,27,274,111,124,111,45,391,228,330,362,116,1036,"werdaro01",0.1,"Robert Werdann"
"1163","UCLA","UCLA",NA,NA,NA,36,39,NA,NA,75,325,1318,NA,NA,1643,48,182,NA,NA,230,105,391,NA,NA,496,9,26,NA,NA,35,22,77,NA,NA,99,17,107,NA,NA,124,31,150,NA,NA,181,NA,NA,NA,NA,NA,28,153,NA,NA,181,24,167,NA,NA,191,14,63,NA,NA,77,1,7,NA,NA,8,NA,96,NA,NA,96,NA,NA,NA,NA,NA,122,497,NA,NA,619,"westbru01",85.7,"Russell Westbrook"
"1164","XAVIER","XAVIER","XAVIER","XAVIER",NA,33,29,32,32,126,970,978,1094,1168,4210,143,174,196,213,726,269,316,366,415,1366,0,0,9,9,18,0,1,28,26,55,100,168,185,209,662,150,227,241,256,874,NA,NA,NA,NA,NA,301,316,313,378,1308,57,58,50,102,267,52,42,38,42,174,35,61,80,52,228,57,79,99,85,320,89,81,85,95,350,386,516,586,644,2132,"westda01",84.9,"David West"
"1165","STJOSEPHS","STJOSEPHS","STJOSEPHS",NA,NA,31,26,32,NA,89,526,785,1073,NA,2384,76,162,212,NA,450,162,342,416,NA,920,2,55,56,NA,113,17,147,136,NA,300,28,70,124,NA,222,42,86,139,NA,267,NA,NA,NA,NA,NA,92,113,172,NA,377,36,83,151,NA,270,25,41,55,NA,121,4,5,6,NA,15,NA,NA,NA,NA,NA,NA,NA,NA,NA,NA,182,449,604,NA,1235,"westde01",24.5,"Delonte West"
"1166","VILLANOVA","VILLANOVA","VILLANOVA","VILLANOVA",NA,37,31,37,33,138,995,1022,1281,1137,4435,158,180,215,226,779,307,376,433,488,1604,NA,16,61,66,143,NA,43,143,177,363,60,94,92,90,336,88,129,127,125,469,NA,NA,NA,NA,NA,136,151,181,162,630,16,9,82,92,199,25,19,36,47,127,16,9,10,16,51,78,59,81,80,298,125,89,100,99,413,376,470,583,608,2037,"westdo01",17.7,"Doug West"
"1167","BARTONCCC","BARTONCCC","CINCY","WALSHOH",NA,32,29,22,35,118,784,801,286,1049,2920,229,203,48,294,774,405,408,138,574,1525,1,1,0,3,5,2,4,1,14,21,79,84,31,105,299,138,146,47,183,514,NA,NA,NA,NA,NA,216,224,54,263,757,34,30,14,48,126,NA,NA,NA,NA,NA,NA,NA,NA,NA,NA,NA,NA,NA,NA,NA,NA,NA,NA,NA,NA,538,491,127,696,1852,"whalero01",0,"Robert Whaley"
"1168","LOUISVILLE","LOUISVILLE","LOUISVILLE","LOUISVILLE",NA,34,33,34,35,136,1079,1081,1178,1222,4560,141,187,204,193,725,313,384,452,454,1603,64,84,78,97,323,167,195,222,272,856,83,86,117,124,410,108,108,160,167,543,NA,NA,NA,NA,NA,70,88,117,77,352,109,106,134,149,498,44,41,51,68,204,7,5,8,5,25,61,62,93,91,307,56,50,65,55,226,429,544,603,607,2183,"wheatde01",0.5,"DeJuan Wheat"
"1169","RHODEISLE","RHODEISLE","RHODEISLE","RHODEISLE",NA,27,34,30,34,125,870,1175,998,NA,3043,121,176,166,173,636,294,434,387,430,1545,50,79,82,91,302,135,213,215,251,814,65,130,79,70,344,96,174,110,108,488,NA,NA,NA,NA,NA,72,100,91,89,352,135,203,169,205,712,49,54,58,44,205,1,1,2,2,6,121,115,86,NA,322,51,68,56,NA,175,357,561,493,507,1918,"wheelty01",0.1,"Tyson Wheeler"
"1171","COLORADO",NA,NA,NA,NA,34,NA,NA,NA,34,1116,NA,NA,NA,1116,205,NA,NA,NA,205,404,NA,NA,NA,404,57,NA,NA,NA,57,144,NA,NA,NA,144,148,NA,NA,NA,148,182,NA,NA,NA,182,35,NA,NA,NA,35,139,NA,NA,NA,139,148,NA,NA,NA,148,42,NA,NA,NA,42,49,NA,NA,NA,49,81,NA,NA,NA,81,72,NA,NA,NA,72,615,NA,NA,NA,615,"whitede01",0.1,"Derrick White"
"1172","INDIANA","INDIANA","INDIANA","INDIANA",NA,29,5,32,33,99,814,89,1017,1105,3025,143,19,170,216,548,250,36,332,357,975,0,0,0,1,1,0,0,0,3,3,100,8,100,142,350,141,14,146,206,507,NA,NA,NA,NA,NA,143,30,234,341,748,23,5,40,25,93,14,0,28,26,68,64,7,73,54,198,NA,NA,NA,63,63,NA,NA,NA,NA,NA,386,46,440,575,1447,"whitedj01",3.8,"D.J. White"
"1173","MARSHALL",NA,NA,NA,NA,34,NA,NA,NA,34,889,NA,NA,NA,889,167,NA,NA,NA,167,319,NA,NA,NA,319,3,NA,NA,NA,3,5,NA,NA,NA,5,110,NA,NA,NA,110,187,NA,NA,NA,187,92,NA,NA,NA,92,303,NA,NA,NA,303,10,NA,NA,NA,10,19,NA,NA,NA,19,182,NA,NA,NA,182,64,NA,NA,NA,64,82,NA,NA,NA,82,447,NA,NA,NA,447,"whiteha01",28.1,"Hassan Whiteside"
"1174","SETONHALL","SETONHALL",NA,NA,NA,22,34,NA,NA,56,612,1098,NA,NA,1710,91,194,NA,NA,285,248,512,NA,NA,760,36,81,NA,NA,117,104,222,NA,NA,326,47,149,NA,NA,196,63,196,NA,NA,259,22,18,NA,NA,40,85,122,NA,NA,207,78,173,NA,NA,251,30,40,NA,NA,70,14,49,NA,NA,63,73,119,NA,NA,192,53,78,NA,NA,131,265,618,NA,NA,883,"whiteis01",-0.9,"Isaiah Whitehead"
"1175","GEORGETOWN","GEORGETOWN","GEORGETOWN","GEORGETOWN",NA,26,37,30,12,105,201,409,607,NA,1217,24,70,84,52,230,56,125,164,82,427,NA,NA,NA,0,0,NA,NA,NA,0,0,13,43,50,22,128,35,89,103,50,277,NA,NA,NA,NA,NA,46,138,193,100,477,2,5,14,2,23,8,18,15,12,53,23,44,59,26,152,21,53,66,NA,140,28,87,99,NA,214,61,183,218,126,588,"whiteja01",10.4,"Jahidi White"
"1176","FLORIDA","CINCY","CINCY","CINCY",NA,30,27,33,33,123,615,677,940,1104,3336,71,71,109,177,428,169,185,246,363,963,20,15,36,49,120,69,63,94,131,357,20,57,83,134,294,40,71,104,160,375,NA,NA,NA,NA,NA,86,109,158,167,520,51,96,102,67,316,27,24,30,36,117,17,18,12,28,75,NA,NA,NA,NA,NA,NA,NA,NA,NA,NA,182,214,337,537,1270,"whiteja02",0.8,"James White"
"1177","LATECH","LATECH","LATECH","LATECH",NA,34,30,31,32,127,697,782,1009,1026,3514,115,145,226,245,731,221,252,354,408,1235,NA,1,5,17,23,NA,1,15,38,54,82,88,121,171,462,123,130,189,229,671,NA,NA,NA,NA,NA,156,196,359,337,1048,7,16,28,31,82,21,20,40,38,119,16,20,19,11,66,35,40,92,110,277,114,107,103,122,446,312,379,578,678,1947,"whitera01",1.9,"Randy White"
"1178","CHARLOTTE",NA,NA,NA,NA,28,NA,NA,NA,28,865,NA,NA,NA,865,188,NA,NA,NA,188,386,NA,NA,NA,386,33,NA,NA,NA,33,95,NA,NA,NA,95,114,NA,NA,NA,114,160,NA,NA,NA,160,NA,NA,NA,NA,NA,182,NA,NA,NA,182,41,NA,NA,NA,41,34,NA,NA,NA,34,20,NA,NA,NA,20,82,NA,NA,NA,82,73,NA,NA,NA,73,523,NA,NA,NA,523,"whitero02",1.8,"Rodney White"
"1179","IOWAST",NA,NA,NA,NA,34,NA,NA,NA,34,1072,NA,NA,NA,1072,175,NA,NA,NA,175,328,NA,NA,NA,328,4,NA,NA,NA,4,12,NA,NA,NA,12,102,NA,NA,NA,102,205,NA,NA,NA,205,85,NA,NA,NA,85,316,NA,NA,NA,316,170,NA,NA,NA,170,40,NA,NA,NA,40,32,NA,NA,NA,32,130,NA,NA,NA,130,89,NA,NA,NA,89,456,NA,NA,NA,456,"whitero03",0,"Royce White"
"1180","JACKSONST","JACKSONST","JACKSONST",NA,NA,12,29,26,NA,67,190,702,819,NA,1711,29,136,194,NA,359,60,237,318,NA,615,NA,0,0,NA,0,NA,1,3,NA,4,15,88,121,NA,224,26,123,195,NA,344,NA,NA,NA,NA,NA,46,195,273,NA,514,2,17,15,NA,34,1,11,12,NA,24,16,26,25,NA,67,24,56,93,NA,173,26,89,80,NA,195,73,360,509,NA,942,"whitfdw01",0,"Dwayne Whitfield"
"1181","CLEMSON","CLEMSON",NA,NA,NA,28,30,NA,NA,58,982,1126,NA,NA,2108,119,149,NA,NA,268,290,338,NA,NA,628,80,87,NA,NA,167,191,213,NA,NA,404,56,85,NA,NA,141,73,106,NA,NA,179,NA,NA,NA,NA,NA,92,122,NA,NA,214,161,193,NA,NA,354,41,73,NA,NA,114,0,2,NA,NA,2,94,110,NA,NA,204,95,87,NA,NA,182,374,470,NA,NA,844,"whitnch01",21.2,"Chris Whitney"
"1182","KANSAS",NA,NA,NA,NA,35,NA,NA,NA,35,1148,NA,NA,NA,1148,189,NA,NA,NA,189,422,NA,NA,NA,422,43,NA,NA,NA,43,126,NA,NA,NA,126,176,NA,NA,NA,176,227,NA,NA,NA,227,76,NA,NA,NA,76,205,NA,NA,NA,205,54,NA,NA,NA,54,41,NA,NA,NA,41,34,NA,NA,NA,34,80,NA,NA,NA,80,94,NA,NA,NA,94,597,NA,NA,NA,597,"wiggian01",12,"Andrew Wiggins"
"1183","MARYLAND","MARYLAND",NA,NA,NA,34,36,NA,NA,70,294,866,NA,NA,1160,51,173,NA,NA,224,88,343,NA,NA,431,0,0,NA,NA,0,0,2,NA,NA,2,20,86,NA,NA,106,33,147,NA,NA,180,NA,NA,NA,NA,NA,73,257,NA,NA,330,16,53,NA,NA,69,6,28,NA,NA,34,18,53,NA,NA,71,NA,NA,NA,NA,NA,NA,NA,NA,NA,NA,122,432,NA,NA,554,"wilcoch01",26.9,"Chris Wilcox"
"1184","WASHINGTON","WASHINGTON","WASHINGTON","WASHINGTON",NA,33,32,34,32,131,523,912,1184,1116,3735,90,152,201,197,640,215,348,480,435,1478,63,73,75,90,301,157,181,205,230,773,25,78,93,103,299,31,93,114,118,356,22,26,40,22,110,68,108,146,119,441,29,39,65,81,214,14,29,37,32,112,10,20,36,32,98,21,40,63,54,178,41,63,71,75,250,268,455,570,587,1880,"wilcocj01",0.1,"C.J. Wilcox"
"1185","VILLANOVA","VILLANOVA","VILLANOVA","VILLANOVA",NA,31,33,33,34,131,721,963,1078,1163,3925,79,79,129,198,485,203,195,284,412,1094,20,15,35,63,133,51,57,101,171,380,67,61,71,121,320,96,82,100,163,441,NA,NA,NA,NA,NA,87,116,117,169,489,88,159,177,129,553,41,53,46,60,200,3,5,18,12,38,57,75,80,91,303,82,84,89,86,341,245,234,364,580,1423,"willial02",21.7,"Alvin Williams"
"1186","OKSTATE","OKSTATE","OKSTATE","OKSTATE",NA,30,31,32,35,128,951,769,714,1059,3493,135,114,99,125,473,305,267,187,299,1058,35,22,16,45,118,98,76,40,127,341,66,40,53,97,256,96,53,76,126,351,NA,NA,NA,NA,NA,106,99,68,133,406,99,85,73,92,349,40,30,23,22,115,1,1,2,2,6,81,61,41,82,265,67,61,62,73,263,371,290,267,392,1320,"willico01",0.2,"Corey Williams"
"1187","ARKANSAS","ARKANSAS","ARKANSAS",NA,NA,18,34,39,NA,91,454,989,1208,NA,2651,101,273,283,NA,657,176,436,515,NA,1127,NA,NA,1,NA,1,NA,NA,6,NA,6,61,149,203,NA,413,98,213,304,NA,615,NA,NA,NA,NA,NA,92,262,293,NA,647,30,74,89,NA,193,7,39,67,NA,113,22,39,33,NA,94,40,90,92,NA,222,45,78,106,NA,229,263,695,770,NA,1728,"willico02",34.7,"Corliss Williamson"
"1188","ILLINOIS","ILLINOIS","ILLINOIS",NA,NA,32,30,39,NA,101,868,1017,1315,NA,3200,75,147,178,NA,400,176,360,411,NA,947,28,67,68,NA,163,79,170,187,NA,436,24,59,65,NA,148,45,75,96,NA,216,NA,NA,NA,NA,NA,95,97,142,NA,334,145,185,264,NA,594,46,31,38,NA,115,5,9,8,NA,22,NA,NA,NA,NA,NA,NA,NA,NA,NA,NA,202,420,489,NA,1111,"willide01",77.3,"Deron Williams"
"1189","ARIZONA","ARIZONA",NA,NA,NA,31,38,NA,NA,69,875,1141,NA,NA,2016,162,226,NA,NA,388,282,380,NA,NA,662,4,42,NA,NA,46,16,74,NA,NA,90,158,247,NA,NA,405,232,331,NA,NA,563,68,105,NA,NA,173,219,314,NA,NA,533,22,43,NA,NA,65,19,37,NA,NA,56,20,26,NA,NA,46,60,100,NA,NA,160,78,106,NA,NA,184,486,741,NA,NA,1227,"willide02",14.1,"Derrick Williams"
"1190","DUKE","MEMPHIS",NA,NA,NA,34,34,NA,NA,68,NA,1133,NA,NA,1133,56,178,NA,NA,234,127,388,NA,NA,515,9,60,NA,NA,69,36,164,NA,NA,200,23,194,NA,NA,217,46,256,NA,NA,302,NA,25,NA,NA,25,77,135,NA,NA,212,23,128,NA,NA,151,21,45,NA,NA,66,1,4,NA,NA,5,29,100,NA,NA,129,NA,69,NA,NA,69,144,610,NA,NA,754,"williel01",0.7,"Elliot Williams"
"1191","PROVIDENCE","PROVIDENCE",NA,NA,NA,30,30,NA,NA,60,781,1041,NA,NA,1822,166,184,NA,NA,350,327,445,NA,NA,772,0,29,NA,NA,29,5,78,NA,NA,83,138,134,NA,NA,272,209,195,NA,NA,404,NA,NA,NA,NA,NA,151,201,NA,NA,352,37,75,NA,NA,112,36,60,NA,NA,96,13,10,NA,NA,23,53,79,NA,NA,132,66,95,NA,NA,161,470,531,NA,NA,1001,"willier01",23.2,"Eric Williams"
"1192","ILLINOIS","ILLINOIS","ILLINOIS",NA,NA,32,34,35,NA,101,972,1095,1135,NA,3202,125,168,174,NA,467,327,410,443,NA,1180,42,39,54,NA,135,133,122,159,NA,414,74,133,164,NA,371,92,165,203,NA,460,NA,NA,NA,NA,NA,110,126,163,NA,399,131,148,153,NA,432,74,67,71,NA,212,9,9,10,NA,28,90,89,96,NA,275,41,71,73,NA,185,366,508,566,NA,1440,"willifr02",0.1,"Frank Williams"
"1193","STJOHNS","STJOHNS","STJOHNS",NA,NA,28,31,13,NA,72,662,1036,377,NA,2075,102,236,70,NA,408,199,412,131,NA,742,NA,0,1,NA,1,NA,2,2,NA,4,72,134,49,NA,255,120,191,80,NA,391,NA,NA,NA,NA,NA,143,246,101,NA,490,12,18,7,NA,37,12,17,3,NA,32,14,30,12,NA,56,45,85,31,NA,161,100,90,46,NA,236,276,606,190,NA,1072,"willija01",20,"Jayson Williams"
"1194","MARSHALL","FLORIDA",NA,NA,NA,28,20,NA,NA,48,816,NA,NA,NA,816,144,112,NA,NA,256,276,254,NA,NA,530,35,54,NA,NA,89,92,134,NA,NA,226,52,63,NA,NA,115,70,75,NA,NA,145,NA,NA,NA,NA,NA,99,59,NA,NA,158,178,134,NA,NA,312,50,53,NA,NA,103,9,4,NA,NA,13,75,NA,NA,NA,75,49,NA,NA,NA,49,375,341,NA,NA,716,"willija02",38.5,"Jason Williams"
"1195","DUKE","DUKE","DUKE",NA,NA,34,39,35,NA,108,1157,1240,1175,NA,3572,179,285,249,NA,713,427,603,545,NA,1575,73,132,108,NA,313,206,309,282,NA,797,61,139,140,NA,340,89,211,207,NA,507,NA,NA,NA,NA,NA,143,128,124,NA,395,220,237,187,NA,644,81,78,76,NA,235,6,5,3,NA,14,139,154,131,NA,424,86,87,80,NA,253,492,841,746,NA,2079,"willija03",0.8,"Jay Williams"
"1196","GEORGETOWN","GEORGETOWN",NA,NA,NA,31,37,NA,NA,68,939,1016,NA,NA,1955,126,147,NA,NA,273,252,250,NA,NA,502,2,1,NA,NA,3,11,7,NA,NA,18,83,85,NA,NA,168,132,133,NA,NA,265,NA,NA,NA,NA,NA,310,324,NA,NA,634,45,51,NA,NA,96,38,70,NA,NA,108,11,16,NA,NA,27,83,72,NA,NA,155,54,67,NA,NA,121,337,380,NA,NA,717,"willije01",37.9,"Jerome Williams"
"1197","MARYLAND","MARYLAND",NA,NA,NA,33,33,NA,NA,66,817,1073,NA,NA,1890,126,213,NA,NA,339,246,396,NA,NA,642,0,0,NA,NA,0,0,0,NA,NA,0,64,131,NA,NA,195,121,228,NA,NA,349,94,121,NA,NA,215,284,388,NA,NA,672,7,21,NA,NA,28,24,23,NA,NA,47,32,45,NA,NA,77,31,53,NA,NA,84,90,80,NA,NA,170,316,557,NA,NA,873,"willijo03",1.3,"Jordan Williams"
"1198","BARTONCCC",NA,NA,NA,NA,31,NA,NA,NA,31,NA,NA,NA,NA,NA,NA,NA,NA,NA,NA,NA,NA,NA,NA,NA,NA,NA,NA,NA,NA,NA,NA,NA,NA,NA,NA,NA,NA,NA,NA,NA,NA,NA,NA,NA,NA,NA,NA,NA,NA,278,NA,NA,NA,278,NA,NA,NA,NA,NA,NA,NA,NA,NA,NA,NA,NA,NA,NA,NA,NA,NA,NA,NA,NA,NA,NA,NA,NA,NA,636,NA,NA,NA,636,"willike03",7.4,"Kenny Williams"
"1199","ALABAMA","ALABAMA",NA,NA,NA,35,29,NA,NA,64,1121,1038,NA,NA,2159,123,160,NA,NA,283,327,371,NA,NA,698,33,57,NA,NA,90,126,180,NA,NA,306,84,98,NA,NA,182,98,117,NA,NA,215,NA,NA,NA,NA,NA,137,113,NA,NA,250,159,112,NA,NA,271,59,36,NA,NA,95,4,5,NA,NA,9,103,86,NA,NA,189,91,61,NA,NA,152,363,475,NA,NA,838,"willima01",40,"Mo Williams"
"1200","UNC",NA,NA,NA,NA,36,NA,NA,NA,36,800,NA,NA,NA,800,125,NA,NA,NA,125,247,NA,NA,NA,247,19,NA,NA,NA,19,44,NA,NA,NA,44,138,NA,NA,NA,138,163,NA,NA,NA,163,NA,NA,NA,NA,NA,236,NA,NA,NA,236,26,NA,NA,NA,26,39,NA,NA,NA,39,17,NA,NA,NA,17,NA,NA,NA,NA,NA,NA,NA,NA,NA,NA,407,NA,NA,NA,407,"willima02",57.4,"Marvin Williams"
"1201","UCONN","UCONN","UCONN",NA,NA,16,31,23,NA,70,226,961,767,NA,1954,17,103,83,NA,203,46,255,204,NA,505,3,27,24,NA,54,17,67,60,NA,144,9,64,94,NA,167,13,89,109,NA,211,NA,NA,NA,NA,NA,21,117,89,NA,227,69,243,198,NA,510,16,35,21,NA,72,1,8,5,NA,14,NA,NA,NA,NA,NA,NA,NA,NA,NA,NA,46,297,284,NA,627,"willima03",0,"Marcus Williams"
"1202","ARIZONA","ARIZONA",NA,NA,NA,33,30,NA,NA,63,952,987,NA,NA,1939,159,196,NA,NA,355,351,397,NA,NA,748,30,23,NA,NA,53,69,80,NA,NA,149,82,82,NA,NA,164,113,118,NA,NA,231,NA,NA,NA,NA,NA,154,200,NA,NA,354,61,67,NA,NA,128,NA,NA,NA,NA,NA,NA,NA,NA,NA,NA,NA,NA,NA,NA,NA,NA,NA,NA,NA,NA,430,497,NA,NA,927,"willima04",-0.1,"Marcus Williams"
"1203","NOTREDAME","NOTREDAME","NOTREDAME",NA,NA,29,27,29,NA,85,588,942,1000,NA,2530,83,177,237,NA,497,172,384,464,NA,1020,2,25,32,NA,59,10,74,78,NA,162,54,121,143,NA,318,73,153,205,NA,431,NA,NA,NA,NA,NA,108,251,239,NA,598,31,39,68,NA,138,15,31,41,NA,87,16,19,15,NA,50,49,86,101,NA,236,63,65,74,NA,202,222,500,649,NA,1371,"willimo01",11.4,"Monty Williams"
"1205","BOSTONCOLL","BOSTONCOLL","BOSTONCOLL",NA,NA,27,27,15,NA,69,464,467,483,NA,1414,43,32,63,NA,138,66,58,115,NA,239,0,0,0,NA,0,0,0,0,NA,0,26,19,56,NA,101,50,37,80,NA,167,NA,NA,NA,NA,NA,94,92,104,NA,290,16,10,18,NA,44,7,14,21,NA,42,63,55,75,NA,193,NA,NA,NA,NA,NA,NA,NA,NA,NA,NA,112,83,182,NA,377,"willise01",3,"Sean Williams"
"1206","UNC","UNC","UNC","UNC",NA,29,32,35,38,134,132,663,1146,NA,1941,12,84,155,209,460,31,186,367,428,1012,6,46,95,86,233,20,116,227,215,578,18,53,88,133,292,21,69,108,146,344,NA,NA,NA,NA,NA,12,82,115,123,332,20,65,153,161,399,7,16,31,39,93,0,0,0,2,2,22,58,94,NA,174,9,46,66,NA,121,48,267,493,637,1445,"willish01",8.8,"Shammond Williams"
"1207","DUKE","DUKE","DUKE","DUKE",NA,33,37,33,36,139,633,963,1109,1198,3903,95,164,191,237,687,184,280,328,410,1202,0,2,0,2,4,1,5,0,6,12,80,138,131,201,550,124,200,198,270,792,NA,NA,NA,NA,NA,195,314,369,384,1262,15,34,31,39,119,23,36,42,60,161,52,111,122,137,422,NA,NA,NA,NA,NA,NA,NA,NA,NA,NA,270,468,513,677,1928,"willish02",9.9,"Shelden Williams"
"1208","MEMPHIS",NA,NA,NA,NA,36,NA,NA,NA,36,1002,NA,NA,NA,1002,156,NA,NA,NA,156,375,NA,NA,NA,375,48,NA,NA,NA,48,154,NA,NA,NA,154,114,NA,NA,NA,114,145,NA,NA,NA,145,NA,NA,NA,NA,NA,222,NA,NA,NA,222,67,NA,NA,NA,67,50,NA,NA,NA,50,49,NA,NA,NA,49,NA,NA,NA,NA,NA,NA,NA,NA,NA,NA,474,NA,NA,NA,474,"willish03",6.7,"Shawne Williams"
"1209","LOUISVILLE","LOUISVILLE","LOUISVILLE","LOUISVILLE",NA,33,34,36,37,140,NA,NA,NA,NA,NA,104,158,146,169,577,266,431,355,392,1444,40,49,49,57,195,129,188,144,148,609,30,58,60,68,216,49,96,105,117,367,NA,NA,NA,NA,NA,155,238,260,317,970,70,129,162,185,546,33,43,48,86,210,11,23,27,29,90,NA,NA,105,86,191,NA,NA,NA,NA,NA,278,423,401,463,1565,"willite01",-0.2,"Terrence Williams"
"1210","MARYLAND","MARYLAND","MARYLAND","MARYLAND",NA,26,33,17,29,105,617,993,537,1042,3189,75,143,109,256,583,170,296,243,542,1251,7,30,28,89,154,27,67,95,240,429,33,104,72,175,384,53,134,86,231,504,NA,NA,NA,NA,NA,92,138,86,162,478,66,149,91,104,410,33,57,25,60,175,13,34,6,28,81,71,125,70,111,377,76,115,51,98,340,190,420,318,776,1704,"williwa02",33.9,"Walt Williams"
"1211","MICHIGAN","MICHIGAN","MICHIGAN",NA,NA,5,26,38,NA,69,24,158,1155,NA,1337,1,27,164,NA,192,4,57,305,NA,366,0,8,41,NA,49,1,24,110,NA,135,0,8,50,NA,58,0,11,60,NA,71,1,4,57,NA,62,6,18,203,NA,227,0,8,50,NA,58,0,5,20,NA,25,3,10,57,NA,70,1,9,42,NA,52,4,21,72,NA,97,2,70,419,NA,491,"wilsodj01",-0.1,"D.J. Wilson"
"1212","UCLA","UCLA","UCLA","UCLA",NA,32,30,31,33,126,576,1010,1066,1106,3758,65,184,226,231,706,146,353,451,467,1417,NA,0,1,1,2,NA,3,6,3,12,69,95,117,103,384,95,153,203,203,654,NA,NA,NA,NA,NA,152,281,269,299,1001,44,86,83,95,308,8,23,33,39,103,3,15,11,13,42,65,101,92,86,344,71,97,89,92,349,199,463,570,566,1798,"wilsotr01",0.8,"Trevor Wilson"
"1213","CINCY",NA,NA,NA,NA,29,NA,NA,NA,29,834,NA,NA,NA,834,162,NA,NA,NA,162,384,NA,NA,NA,384,44,NA,NA,NA,44,109,NA,NA,NA,109,97,NA,NA,NA,97,145,NA,NA,NA,145,NA,NA,NA,NA,NA,260,NA,NA,NA,260,58,NA,NA,NA,58,39,NA,NA,NA,39,12,NA,NA,NA,12,82,NA,NA,NA,82,91,NA,NA,NA,91,465,NA,NA,NA,465,"wingfdo01",1.8,"Dontonio Wingfield"
"1214","DUKE",NA,NA,NA,NA,39,NA,NA,NA,39,1135,NA,NA,NA,1135,173,NA,NA,NA,173,356,NA,NA,NA,356,46,NA,NA,NA,46,110,NA,NA,NA,110,100,NA,NA,NA,100,156,NA,NA,NA,156,49,NA,NA,NA,49,252,NA,NA,NA,252,82,NA,NA,NA,82,52,NA,NA,NA,52,34,NA,NA,NA,34,71,NA,NA,NA,71,108,NA,NA,NA,108,492,NA,NA,NA,492,"winslju01",3.4,"Justise Winslow"
"1215","KANSAS","KANSAS","KANSAS","KANSAS",NA,15,26,39,37,117,45,162,968,1144,2319,7,22,113,185,327,13,34,211,318,576,0,0,0,1,1,0,0,0,1,1,5,17,124,137,283,9,33,156,192,390,5,20,81,79,185,21,46,246,315,628,0,5,29,35,69,1,5,25,28,59,6,19,140,146,311,3,12,50,73,138,7,27,97,77,208,19,61,350,508,938,"witheje01",6.8,"Jeff Withey"
"1216","SDAKOTAST","SDAKOTAST","SDAKOTAST","SDAKOTAST",NA,29,31,34,33,127,703,1029,1216,1256,4204,80,201,250,242,773,210,449,558,499,1716,19,42,33,64,158,53,103,137,169,462,113,160,188,187,648,136,201,240,230,807,21,32,31,36,120,101,142,174,184,601,85,188,202,193,668,35,41,59,57,192,8,7,2,4,21,60,68,75,77,280,52,63,63,51,229,292,604,721,735,2352,"woltena01",0.9,"Nate Wolters"
"1217","WAKE","WAKE","ARIZONA","ARIZONA",NA,30,22,26,29,107,525,NA,820,879,2224,71,63,154,133,421,147,157,286,264,854,0,1,0,1,2,0,4,2,3,9,63,67,97,117,344,93,100,128,141,462,NA,NA,NA,NA,NA,157,157,194,189,697,16,19,38,62,135,7,8,21,19,55,45,50,102,84,281,43,NA,56,59,158,45,NA,50,64,159,205,194,405,384,1188,"woodslo01",3.1,"Loren Woods"
"1218","NEMISSCC",NA,NA,NA,NA,23,NA,NA,NA,23,722,NA,NA,NA,722,239,NA,NA,NA,239,495,NA,NA,NA,495,34,NA,NA,NA,34,113,NA,NA,NA,113,230,NA,NA,NA,230,285,NA,NA,NA,285,NA,NA,NA,NA,NA,229,NA,NA,NA,229,42,NA,NA,NA,42,NA,NA,NA,NA,NA,NA,NA,NA,NA,NA,NA,NA,NA,NA,NA,NA,NA,NA,NA,NA,742,NA,NA,NA,742,"woodsqy01",1.4,"Qyntel Woods"
"1219","LASALLE","LASALLE","LASALLE",NA,NA,32,25,31,NA,88,1138,875,1183,NA,3196,146,177,272,NA,595,371,415,653,NA,1439,77,80,121,NA,278,221,227,341,NA,789,56,105,182,NA,343,76,132,224,NA,432,NA,NA,NA,NA,NA,101,123,194,NA,418,111,69,160,NA,340,89,56,75,NA,220,0,0,2,NA,2,48,66,112,NA,226,85,75,84,NA,244,425,539,847,NA,1811,"woodsra01",0.6,"Randy Woods"
"1220","WINSTSALST","ORALROB","ORALROB","ORALROB",NA,25,28,29,28,110,NA,1086,988,980,3054,102,125,206,205,638,223,342,496,424,1485,NA,16,42,37,95,NA,56,149,101,306,53,121,108,110,392,90,152,143,135,520,NA,NA,NA,NA,NA,75,93,174,171,513,53,188,78,110,429,NA,54,103,93,250,NA,2,4,3,9,NA,98,62,72,232,NA,88,88,81,257,257,387,562,557,1763,"workmha01",10.7,"Haywoode Workman"
"1221","TEXASAM","TEXASAM","TEXASAM",NA,NA,28,28,31,NA,87,889,852,1052,NA,2793,144,130,193,NA,467,396,353,385,NA,1134,63,47,71,NA,181,165,158,159,NA,482,55,72,96,NA,223,90,115,139,NA,344,NA,NA,NA,NA,NA,186,116,185,NA,487,50,65,69,NA,184,35,24,36,NA,95,20,8,22,NA,50,NA,NA,NA,NA,NA,NA,NA,NA,NA,NA,406,379,553,NA,1338,"wrighan01",3.1,"Antoine Wright"
"1222","INDIANA","INDIANA","INDIANA",NA,NA,30,29,26,NA,85,1007,1111,917,NA,3035,157,162,150,NA,469,363,433,363,NA,1159,66,70,50,NA,186,176,204,152,NA,532,106,142,126,NA,374,141,180,161,NA,482,NA,NA,NA,NA,NA,151,157,125,NA,433,64,70,70,NA,204,23,27,29,NA,79,18,14,15,NA,47,NA,NA,NA,NA,NA,NA,NA,NA,NA,NA,486,536,476,NA,1498,"wrighbr02",0.5,"Bracey Wright"
"1223","UNC",NA,NA,NA,NA,37,NA,NA,NA,37,1013,NA,NA,NA,1013,228,NA,NA,NA,228,353,NA,NA,NA,353,0,NA,NA,NA,0,0,NA,NA,NA,0,89,NA,NA,NA,89,157,NA,NA,NA,157,NA,NA,NA,NA,NA,229,NA,NA,NA,229,37,NA,NA,NA,37,36,NA,NA,NA,36,65,NA,NA,NA,65,NA,NA,NA,NA,NA,NA,NA,NA,NA,NA,545,NA,NA,NA,545,"wrighbr03",26.2,"Brandan Wright"
"1224","UTAH","UTAH",NA,NA,NA,33,35,NA,NA,68,1202,1165,NA,NA,2367,174,165,NA,NA,339,310,324,NA,NA,634,12,26,NA,NA,38,54,73,NA,NA,127,153,153,NA,NA,306,193,183,NA,NA,376,42,34,NA,NA,76,224,173,NA,NA,397,174,178,NA,NA,352,82,73,NA,NA,155,43,34,NA,NA,77,84,68,NA,NA,152,61,49,NA,NA,110,513,509,NA,NA,1022,"wrighde01",4,"Delon Wright"
"1225","KANSAS","KANSAS",NA,NA,NA,33,38,NA,NA,71,663,1048,NA,NA,1711,124,190,NA,NA,314,220,346,NA,NA,566,0,3,NA,NA,3,3,13,NA,NA,16,34,73,NA,NA,107,62,119,NA,NA,181,NA,NA,NA,NA,NA,152,298,NA,NA,450,60,82,NA,NA,142,31,55,NA,NA,86,42,49,NA,NA,91,NA,NA,NA,NA,NA,NA,NA,NA,NA,NA,282,456,NA,NA,738,"wrighju01",3.9,"Julian Wright"
"1226","MEMPHIS","MEMPHIS",NA,NA,NA,34,30,NA,NA,64,1170,1058,NA,NA,2228,198,207,NA,NA,405,353,382,NA,NA,735,0,0,NA,NA,0,1,1,NA,NA,2,107,109,NA,NA,216,171,169,NA,NA,340,NA,NA,NA,NA,NA,345,313,NA,NA,658,50,35,NA,NA,85,26,40,NA,NA,66,71,59,NA,NA,130,75,56,NA,NA,131,90,78,NA,NA,168,503,523,NA,NA,1026,"wrighlo02",30.5,"Lorenzen Wright"
"1227","SETONHALL","SETONHALL",NA,NA,NA,30,34,NA,NA,64,336,814,NA,NA,1150,60,128,NA,NA,188,116,244,NA,NA,360,NA,NA,NA,NA,NA,NA,NA,NA,NA,NA,25,51,NA,NA,76,40,78,NA,NA,118,NA,NA,NA,NA,NA,85,255,NA,NA,340,8,26,NA,NA,34,8,36,NA,NA,44,42,76,NA,NA,118,26,53,NA,NA,79,50,97,NA,NA,147,145,307,NA,NA,452,"wrighlu01",-0.1,"Luther Wright"
"1228","CLEMSON","CLEMSON","CLEMSON",NA,NA,28,30,34,NA,92,747,913,1027,NA,2687,137,178,186,NA,501,275,314,354,NA,943,0,0,0,NA,0,2,2,2,NA,6,63,93,150,NA,306,112,139,233,NA,484,NA,NA,NA,NA,NA,227,314,362,NA,903,11,26,41,NA,78,23,22,24,NA,69,63,124,99,NA,286,50,76,104,NA,230,76,79,94,NA,249,337,449,522,NA,1308,"wrighsh01",1.4,"Sharone Wright"
"1229","WASHINGTON",NA,NA,NA,NA,35,NA,NA,NA,35,1062,NA,NA,NA,1062,198,NA,NA,NA,198,447,NA,NA,NA,447,9,NA,NA,NA,9,56,NA,NA,NA,56,154,NA,NA,NA,154,264,NA,NA,NA,264,80,NA,NA,NA,80,176,NA,NA,NA,176,130,NA,NA,NA,130,66,NA,NA,NA,66,13,NA,NA,NA,13,132,NA,NA,NA,132,93,NA,NA,NA,93,559,NA,NA,NA,559,"wroteto01",-1.3,"Tony Wroten"
"1230","TENNESSEE","TENNESSEE","TENNESSEE","TENNESSEE",NA,30,33,33,31,127,705,1010,1047,1097,3859,83,172,164,194,613,199,368,370,457,1394,23,53,43,60,179,84,148,127,167,526,40,92,88,112,332,57,125,138,163,483,NA,NA,NA,NA,NA,156,228,244,234,862,42,81,83,87,293,43,55,55,58,211,29,33,44,25,131,NA,NA,NA,NA,NA,NA,NA,NA,NA,NA,229,489,459,560,1737,"yarbrvi01",1,"Vincent Yarbrough"
"1231","KENTUCKY",NA,NA,NA,NA,40,NA,NA,NA,40,1296,NA,NA,NA,1296,183,NA,NA,NA,183,450,NA,NA,NA,450,82,NA,NA,NA,82,235,NA,NA,NA,235,125,NA,NA,NA,125,177,NA,NA,NA,177,41,NA,NA,NA,41,171,NA,NA,NA,171,67,NA,NA,NA,67,30,NA,NA,NA,30,8,NA,NA,NA,8,75,NA,NA,NA,75,83,NA,NA,NA,83,573,NA,NA,NA,573,"youngja01",0.7,"James Young"
"1232","HOUSTON","HOUSTON","OREGON","OREGON",NA,30,32,34,36,132,904,1048,1059,1322,4333,122,185,206,265,778,293,404,429,592,1718,55,66,76,91,288,144,157,183,255,739,41,140,155,124,460,49,160,176,134,519,22,18,26,19,85,108,112,96,160,476,71,79,66,135,351,26,19,44,41,130,6,0,1,1,8,54,41,39,87,221,56,40,47,51,194,340,576,643,745,2304,"youngjo01",0.4,"Joseph Young"
"1233","USC","USC","USC",NA,NA,29,30,37,NA,96,746,1017,1227,NA,2990,123,191,239,NA,553,279,409,455,NA,1143,28,23,44,NA,95,89,69,100,NA,258,47,113,125,NA,285,73,141,159,NA,373,NA,NA,NA,NA,NA,118,198,171,NA,487,38,49,50,NA,137,22,31,27,NA,80,9,7,10,NA,26,NA,NA,NA,NA,NA,NA,NA,NA,NA,NA,321,518,647,NA,1486,"youngni01",17.8,"Nick Young"
"1234","PITT","PITT","PITT","PITT",NA,33,37,37,36,143,NA,NA,NA,NA,NA,98,103,254,261,716,188,225,505,520,1438,4,13,44,54,115,21,42,115,145,323,61,46,116,114,337,88,77,168,154,487,NA,NA,NA,NA,NA,144,111,232,225,712,28,25,45,40,138,22,21,41,35,119,20,17,42,30,109,NA,NA,87,88,175,NA,NA,NA,NA,NA,261,265,668,690,1884,"youngsa01",5.2,"Sam Young"
"1235","GATECH",NA,NA,NA,NA,31,NA,NA,NA,31,917,NA,NA,NA,917,177,NA,NA,NA,177,370,NA,NA,NA,370,39,NA,NA,NA,39,93,NA,NA,NA,93,52,NA,NA,NA,52,70,NA,NA,NA,70,NA,NA,NA,NA,NA,151,NA,NA,NA,151,63,NA,NA,NA,63,39,NA,NA,NA,39,12,NA,NA,NA,12,NA,NA,NA,NA,NA,NA,NA,NA,NA,NA,445,NA,NA,NA,445,"youngth01",50,"Thaddeus Young"
"1236","INDIANA","INDIANA",NA,NA,NA,36,36,NA,NA,72,1025,1062,NA,NA,2087,200,199,NA,NA,399,321,353,NA,NA,674,0,0,NA,NA,0,0,2,NA,NA,2,163,196,NA,NA,359,216,259,NA,NA,475,87,101,NA,NA,188,236,289,NA,NA,525,45,47,NA,NA,92,49,37,NA,NA,86,42,45,NA,NA,87,60,81,NA,NA,141,97,80,NA,NA,177,563,594,NA,NA,1157,"zelleco01",19.5,"Cody Zeller"
"1237","UNC","UNC","UNC","UNC",NA,15,27,37,38,117,NA,468,1041,1070,2579,17,100,211,220,548,36,192,384,398,1010,0,0,0,0,0,0,2,0,0,2,13,52,161,181,407,17,72,212,224,525,NA,52,107,146,305,30,125,268,365,788,3,7,23,36,69,3,14,27,34,78,3,24,45,58,130,8,34,50,73,165,NA,49,100,102,251,47,252,583,621,1503,"zellety01",15.3,"Tyler Zeller"
"1238","UCLA","UCLA","UCLA","UCLA",NA,17,26,28,33,104,66,233,688,771,1758,8,22,120,140,290,21,52,232,253,558,0,NA,0,2,2,1,NA,2,5,8,2,19,71,68,160,4,25,93,93,215,NA,NA,NA,NA,NA,19,43,197,178,437,2,8,15,15,40,1,4,9,12,26,1,6,16,21,44,3,11,47,52,113,21,53,98,106,278,18,63,311,350,742,"zidekge01",0.8,"George Zidek"
"1239","MISSST","MISSST","MISSST","MISSST",NA,30,31,35,31,127,495,640,1143,1024,3302,49,53,116,99,317,124,115,218,208,665,9,4,10,15,38,32,24,34,52,142,23,32,80,63,198,38,56,139,97,330,NA,NA,NA,NA,NA,62,85,141,130,418,43,89,210,171,513,36,36,75,58,205,14,20,29,26,89,NA,NA,NA,NA,NA,NA,NA,NA,NA,NA,130,142,322,276,870,"zimmede01",0,"Derrick Zimmerman"
"1240","UNLV",NA,NA,NA,NA,26,NA,NA,NA,26,680,NA,NA,NA,680,102,NA,NA,NA,102,214,NA,NA,NA,214,5,NA,NA,NA,5,17,NA,NA,NA,17,63,NA,NA,NA,63,101,NA,NA,NA,101,56,NA,NA,NA,56,227,NA,NA,NA,227,22,NA,NA,NA,22,14,NA,NA,NA,14,51,NA,NA,NA,51,54,NA,NA,NA,54,79,NA,NA,NA,79,272,NA,NA,NA,272,"zimmest01",0,"Stephen Zimmerman"
